,姓名,日期,参与抢答,获得考试成绩,参与签到,学生访问章节,完成任务点,批阅互评作业,提交作业,提交考试,讨论,选人被选中,获得作业成绩,缺席
0,万宇溪,2022-02-28,0,1,2,5,3,0,0,1,0,0,0,0
1,万宇溪,2022-03-31,0,5,13,64,23,8,3,2,0,0,9,0
2,万宇溪,2022-04-30,0,2,9,82,41,4,4,1,0,0,5,0
3,万宇溪,2022-05-31,0,0,7,75,20,11,12,0,0,0,15,0
4,万宇溪,2022-06-30,0,4,6,37,12,1,1,2,0,0,4,0
5,万宇溪,2022-07-31,0,0,0,1,0,0,0,0,0,0,0,0
6,万淳芳,2022-02-28,0,1,2,18,3,0,0,1,0,0,0,0
7,万淳芳,2022-03-31,0,5,14,130,22,8,3,2,0,0,7,0
8,万淳芳,2022-04-30,0,2,9,90,23,4,4,1,0,1,6,0
9,万淳芳,2022-05-31,0,0,7,59,19,10,6,0,0,0,14,0
10,万淳芳,2022-06-30,0,4,6,90,30,2,1,2,0,0,5,0
11,万淳芳,2022-07-31,0,0,0,0,0,0,0,0,0,0,0,0
12,严俊锋,2022-02-28,0,1,1,2,0,0,0,1,0,0,0,0
13,严俊锋,2022-03-31,0,1,0,1,0,0,0,0,0,0,0,0
14,严俊锋,2022-04-30,0,0,4,1,0,0,0,0,0,0,0,0
15,严俊锋,2022-05-31,0,0,0,0,0,0,0,0,0,0,0,0
16,严俊锋,2022-06-30,0,0,0,0,0,0,0,0,0,0,0,0
17,严俊锋,2022-07-31,0,0,0,0,0,0,0,0,0,0,0,0
18,乔安娜,2022-02-28,0,1,2,1,0,0,0,1,0,0,0,0
19,乔安娜,2022-03-31,0,5,14,43,5,6,3,2,0,1,10,0
20,乔安娜,2022-04-30,0,2,9,29,0,6,2,1,0,0,6,0
21,乔安娜,2022-05-31,0,0,7,40,0,11,8,0,0,0,18,0
22,乔安娜,2022-06-30,0,4,6,47,15,1,1,2,0,0,4,0
23,乔安娜,2022-07-31,0,0,0,1,0,0,0,0,0,0,0,0
24,于玥瑄,2022-02-28,0,1,2,2,0,0,0,1,0,0,0,0
25,于玥瑄,2022-03-31,0,5,12,48,11,7,3,2,0,0,13,0
26,于玥瑄,2022-04-30,0,2,9,12,8,0,0,1,0,0,0,0
27,于玥瑄,2022-05-31,0,1,7,28,2,8,8,1,0,0,16,0
28,于玥瑄,2022-06-30,0,4,6,10,0,1,1,2,0,0,4,0
29,于玥瑄,2022-07-31,0,0,0,0,0,0,0,0,0,0,0,0
30,仇金宇,2022-02-28,0,1,2,6,3,0,0,1,0,0,0,0
31,仇金宇,2022-03-31,0,5,14,51,14,6,3,2,0,0,11,0
32,仇金宇,2022-04-30,0,2,8,62,37,6,2,1,0,0,4,0
33,仇金宇,2022-05-31,0,0,7,37,6,5,7,0,0,0,13,0
34,仇金宇,2022-06-30,0,4,4,43,23,1,1,2,1,0,4,0
35,仇金宇,2022-07-31,0,0,0,0,0,0,0,0,0,0,0,0
36,付文志,2022-02-28,0,1,2,8,3,0,0,1,0,0,0,0
37,付文志,2022-03-31,0,5,13,51,16,8,3,2,0,0,8,1
38,付文志,2022-04-30,0,2,9,31,16,2,2,1,0,0,5,0
39,付文志,2022-05-31,0,0,7,33,8,7,7,0,0,0,12,0
40,付文志,2022-06-30,0,4,6,36,56,0,1,2,0,0,6,0
41,付文志,2022-07-31,0,0,0,0,0,0,0,0,0,0,0,0
42,任浩宁,2022-02-28,0,1,2,12,0,0,0,1,0,0,0,0
43,任浩宁,2022-03-31,0,5,13,54,5,8,3,2,0,0,10,0
44,任浩宁,2022-04-30,0,2,9,30,9,2,2,1,0,0,6,0
45,任浩宁,2022-05-31,0,1,6,36,0,4,8,1,0,0,18,0
46,任浩宁,2022-06-30,0,4,6,27,14,0,1,2,0,0,4,0
47,任浩宁,2022-07-31,0,0,0,0,0,0,0,0,0,0,0,0
48,伍业錡,2022-02-28,0,1,2,2,0,0,0,1,0,0,0,0
49,伍业錡,2022-03-31,0,5,13,68,7,11,4,2,0,0,8,0
50,伍业錡,2022-04-30,0,2,9,93,56,5,2,1,0,0,5,0
51,伍业錡,2022-05-31,0,1,7,60,20,3,8,1,0,0,17,0
52,伍业錡,2022-06-30,0,4,6,37,14,1,1,2,0,0,6,0
53,伍业錡,2022-07-31,0,0,0,2,0,0,0,0,0,0,0,0
54,何芷萱,2022-02-28,0,1,2,7,3,0,0,1,0,0,0,0
55,何芷萱,2022-03-31,0,5,14,49,19,6,4,2,0,0,9,0
56,何芷萱,2022-04-30,0,2,9,65,42,6,2,1,0,0,6,0
57,何芷萱,2022-05-31,1,0,7,51,13,9,8,0,0,0,16,0
58,何芷萱,2022-06-30,0,4,6,54,22,0,1,2,0,0,3,0
59,何芷萱,2022-07-31,0,0,0,0,0,0,0,0,0,0,0,0
60,何迎辉,2022-02-28,0,0,1,2,2,0,0,0,0,0,0,0
61,何迎辉,2022-03-31,0,4,14,36,13,6,3,2,0,0,8,0
62,何迎辉,2022-04-30,0,2,9,10,3,0,2,1,0,0,7,0
63,何迎辉,2022-05-31,0,0,7,23,6,2,4,0,0,0,9,0
64,何迎辉,2022-06-30,0,4,5,1,0,0,1,2,0,0,3,1
65,何迎辉,2022-07-31,0,0,0,0,0,0,0,0,0,0,0,0
66,何韦,2022-02-28,0,1,0,5,0,0,0,1,0,0,0,1
67,何韦,2022-03-31,0,0,0,0,0,0,0,0,0,0,0,0
68,何韦,2022-04-30,0,0,0,0,0,0,0,0,0,0,0,0
69,何韦,2022-05-31,0,0,0,0,0,0,0,0,0,0,0,0
70,何韦,2022-06-30,0,0,0,0,0,0,0,0,0,0,0,0
71,何韦,2022-07-31,0,0,0,0,0,0,0,0,0,0,0,0
72,余莲莲,2022-02-28,0,1,2,12,3,0,0,1,0,0,0,0
73,余莲莲,2022-03-31,0,5,13,90,20,9,3,2,0,0,10,0
74,余莲莲,2022-04-30,0,2,8,72,15,6,2,1,0,0,7,0
75,余莲莲,2022-05-31,0,0,7,92,14,8,8,0,0,0,17,0
76,余莲莲,2022-06-30,0,4,6,37,14,2,2,2,0,0,4,0
77,余莲莲,2022-07-31,0,0,0,3,2,0,0,0,0,0,0,0
78,侯宗峰,2022-02-28,0,1,2,0,0,0,0,1,0,0,0,0
79,侯宗峰,2022-03-31,0,5,12,65,7,6,3,2,0,0,8,1
80,侯宗峰,2022-04-30,0,2,9,31,9,0,2,1,0,0,6,0
81,侯宗峰,2022-05-31,0,1,7,48,2,7,8,1,0,0,14,0
82,侯宗峰,2022-06-30,0,4,6,14,0,0,1,2,0,0,6,0
83,侯宗峰,2022-07-31,0,0,0,0,0,0,0,0,0,0,0,0
84,倪雅雯,2022-02-28,0,1,2,1,0,0,0,1,0,0,0,0
85,倪雅雯,2022-03-31,0,5,12,57,9,6,2,2,0,0,9,1
86,倪雅雯,2022-04-30,0,2,9,59,26,2,2,1,0,0,4,0
87,倪雅雯,2022-05-31,0,1,7,78,0,8,8,1,0,0,15,0
88,倪雅雯,2022-06-30,0,4,6,60,2,0,1,2,0,0,6,0
89,倪雅雯,2022-07-31,0,0,0,0,0,0,0,0,0,0,0,0
90,冯子俊,2022-02-28,0,1,2,13,3,0,0,1,0,0,0,0
91,冯子俊,2022-03-31,0,5,14,124,12,9,3,2,0,0,8,0
92,冯子俊,2022-04-30,0,2,9,74,47,4,5,1,0,0,6,0
93,冯子俊,2022-05-31,0,0,7,62,2,11,8,0,0,0,13,0
94,冯子俊,2022-06-30,0,4,6,49,17,1,1,2,0,0,5,0
95,冯子俊,2022-07-31,0,0,0,0,0,0,0,0,0,0,0,0
96,刘健健,2022-02-28,0,1,0,2,0,0,0,1,0,0,0,0
97,刘健健,2022-03-31,0,5,13,81,19,8,4,2,0,0,11,0
98,刘健健,2022-04-30,0,2,9,24,3,4,2,1,0,0,6,0
99,刘健健,2022-05-31,1,1,7,76,10,8,7,1,0,0,16,0
100,刘健健,2022-06-30,0,4,6,95,67,2,1,2,0,0,3,0
101,刘健健,2022-07-31,0,0,0,0,0,0,0,0,0,0,0,0
102,刘天,2022-02-28,0,1,2,0,0,0,0,1,0,0,0,0
103,刘天,2022-03-31,0,5,13,54,7,6,4,2,0,0,10,0
104,刘天,2022-04-30,0,2,9,39,9,4,2,1,0,0,5,0
105,刘天,2022-05-31,0,1,7,38,3,1,7,1,0,0,15,0
106,刘天,2022-06-30,0,4,6,29,9,0,1,2,0,0,4,0
107,刘天,2022-07-31,0,0,0,0,0,0,0,0,0,0,0,0
108,刘天羽,2022-02-28,0,1,2,13,0,0,0,1,0,1,0,0
109,刘天羽,2022-03-31,0,5,12,79,11,8,3,2,0,0,10,1
110,刘天羽,2022-04-30,0,2,9,30,9,4,4,1,0,0,7,0
111,刘天羽,2022-05-31,0,1,7,32,0,10,8,1,0,0,14,0
112,刘天羽,2022-06-30,0,4,6,41,77,0,1,2,0,0,5,0
113,刘天羽,2022-07-31,0,0,0,0,0,0,0,0,0,0,0,0
114,刘子循,2022-02-28,0,1,2,21,3,0,0,1,0,0,0,0
115,刘子循,2022-03-31,0,5,14,123,19,8,3,2,0,0,10,0
116,刘子循,2022-04-30,0,2,9,73,37,4,5,1,0,0,7,0
117,刘子循,2022-05-31,0,0,7,42,8,9,6,0,0,0,15,0
118,刘子循,2022-06-30,0,4,6,33,32,1,1,2,0,0,4,0
119,刘子循,2022-07-31,0,0,0,0,0,0,0,0,0,0,0,0
120,刘宏昌,2022-02-28,0,0,0,0,0,0,0,0,0,0,0,0
121,刘宏昌,2022-03-31,0,4,13,65,13,6,3,2,0,0,9,0
122,刘宏昌,2022-04-30,0,2,9,46,14,4,2,1,0,0,6,0
123,刘宏昌,2022-05-31,0,1,7,43,0,6,6,1,0,0,11,0
124,刘宏昌,2022-06-30,0,4,6,74,72,2,1,2,0,0,6,0
125,刘宏昌,2022-07-31,0,0,0,0,0,0,0,0,0,0,0,0
126,刘尹梦,2022-02-28,0,1,2,3,3,0,0,1,0,0,0,0
127,刘尹梦,2022-03-31,0,5,14,49,10,6,4,2,0,0,9,0
128,刘尹梦,2022-04-30,0,2,9,35,11,4,2,1,0,0,5,0
129,刘尹梦,2022-05-31,0,0,7,44,4,10,12,0,0,0,16,0
130,刘尹梦,2022-06-30,0,4,6,9,0,2,1,2,0,0,5,0
131,刘尹梦,2022-07-31,0,0,0,0,0,0,0,0,0,0,0,0
132,刘峥,2022-02-28,0,0,0,0,0,0,0,0,0,0,0,0
133,刘峥,2022-03-31,0,4,1,0,0,0,0,2,0,0,0,2
134,刘峥,2022-04-30,0,0,2,6,9,0,4,0,0,0,8,0
135,刘峥,2022-05-31,0,0,0,0,0,0,6,0,0,0,12,2
136,刘峥,2022-06-30,0,0,0,34,23,0,3,0,0,0,5,0
137,刘峥,2022-07-31,0,0,0,1,0,0,0,0,0,0,0,0
138,刘晓阳,2022-02-28,0,1,2,0,0,0,0,1,0,0,0,0
139,刘晓阳,2022-03-31,0,5,13,22,4,6,2,2,0,0,7,0
140,刘晓阳,2022-04-30,0,2,9,9,12,2,2,1,0,0,5,0
141,刘晓阳,2022-05-31,0,1,7,15,0,5,7,1,0,0,14,0
142,刘晓阳,2022-06-30,0,4,5,49,83,2,1,2,0,0,4,0
143,刘晓阳,2022-07-31,0,0,0,0,0,0,0,0,0,0,0,0
144,刘柯,2022-02-28,0,1,2,0,0,0,0,1,0,0,0,0
145,刘柯,2022-03-31,0,5,14,37,8,4,3,2,0,0,10,0
146,刘柯,2022-04-30,0,2,9,34,16,2,2,1,0,0,6,0
147,刘柯,2022-05-31,0,0,7,28,1,3,7,0,0,0,13,0
148,刘柯,2022-06-30,0,4,5,37,74,0,1,2,0,0,5,0
149,刘柯,2022-07-31,0,0,0,1,0,0,0,0,0,0,0,0
150,刘欣杰,2022-02-28,0,1,2,3,0,0,0,1,0,0,0,0
151,刘欣杰,2022-03-31,0,5,13,107,21,8,4,2,1,0,10,0
152,刘欣杰,2022-04-30,0,2,9,73,15,2,2,1,0,0,4,0
153,刘欣杰,2022-05-31,0,1,7,154,49,10,8,1,0,0,14,0
154,刘欣杰,2022-06-30,0,4,6,30,0,2,1,2,0,0,5,0
155,刘欣杰,2022-07-31,0,0,0,0,0,0,0,0,0,0,0,0
156,刘正坤,2022-02-28,0,0,0,0,0,0,0,0,0,0,0,0
157,刘正坤,2022-03-31,0,4,11,68,10,8,3,2,0,0,10,0
158,刘正坤,2022-04-30,0,2,9,42,22,2,2,1,0,0,4,0
159,刘正坤,2022-05-31,0,1,7,23,0,10,8,1,0,0,17,0
160,刘正坤,2022-06-30,0,4,6,80,66,2,1,2,0,0,4,0
161,刘正坤,2022-07-31,0,0,0,0,0,0,0,0,0,0,0,0
162,刘浩浩,2022-02-28,0,1,2,5,3,0,0,1,0,0,0,0
163,刘浩浩,2022-03-31,0,5,13,56,13,6,3,2,0,0,10,0
164,刘浩浩,2022-04-30,0,3,9,52,51,0,2,1,0,0,6,0
165,刘浩浩,2022-05-31,0,0,5,49,10,8,7,0,0,0,13,0
166,刘浩浩,2022-06-30,0,4,6,28,20,0,1,2,0,0,3,0
167,刘浩浩,2022-07-31,0,0,0,2,0,0,0,0,0,0,0,0
168,刘海鹏,2022-02-28,0,1,2,21,0,0,0,1,0,0,0,0
169,刘海鹏,2022-03-31,0,5,13,108,17,6,4,2,0,0,10,0
170,刘海鹏,2022-04-30,0,2,9,78,22,6,2,1,0,0,5,0
171,刘海鹏,2022-05-31,0,1,7,119,29,10,8,1,0,0,15,0
172,刘海鹏,2022-06-30,0,4,6,87,31,2,1,2,0,0,10,0
173,刘海鹏,2022-07-31,0,0,0,0,0,0,0,0,0,0,0,0
174,刘畅,2022-02-28,0,1,2,0,0,0,0,1,0,0,0,0
175,刘畅,2022-03-31,0,5,13,52,4,9,3,2,0,1,9,0
176,刘畅,2022-04-30,0,2,9,34,6,4,2,1,0,0,7,0
177,刘畅,2022-05-31,0,1,7,110,42,8,8,1,0,0,17,0
178,刘畅,2022-06-30,0,4,6,98,47,2,2,2,0,0,5,0
179,刘畅,2022-07-31,0,0,0,0,0,0,0,0,0,0,0,0
180,刘舒婷,2022-02-28,0,1,2,0,0,0,0,1,0,0,0,0
181,刘舒婷,2022-03-31,0,5,14,23,4,6,3,2,0,0,8,0
182,刘舒婷,2022-04-30,0,2,9,30,19,4,2,1,0,0,6,0
183,刘舒婷,2022-05-31,0,0,7,51,11,10,8,0,0,0,17,0
184,刘舒婷,2022-06-30,0,4,6,15,13,2,2,2,0,0,3,0
185,刘舒婷,2022-07-31,0,0,0,0,0,0,0,0,0,0,0,0
186,刘豪,2022-02-28,0,1,2,11,0,0,0,1,0,0,0,0
187,刘豪,2022-03-31,0,5,13,80,21,8,3,2,0,0,9,0
188,刘豪,2022-04-30,0,2,9,69,30,2,2,1,0,0,6,0
189,刘豪,2022-05-31,0,1,7,77,19,4,8,1,0,0,17,0
190,刘豪,2022-06-30,0,4,5,61,29,2,1,2,0,0,4,0
191,刘豪,2022-07-31,0,0,0,0,0,0,0,0,0,0,0,0
192,刘豪宇,2022-02-28,0,1,2,4,0,0,0,1,0,0,0,0
193,刘豪宇,2022-03-31,0,5,12,42,4,6,3,2,0,0,12,1
194,刘豪宇,2022-04-30,0,2,9,28,10,4,2,1,0,0,6,0
195,刘豪宇,2022-05-31,0,1,7,37,2,9,7,1,0,0,14,0
196,刘豪宇,2022-06-30,0,4,4,19,0,2,1,2,0,0,6,1
197,刘豪宇,2022-07-31,0,0,0,0,0,0,0,0,0,0,0,0
198,初锦涛,2022-02-28,0,1,2,11,3,0,0,1,0,0,0,0
199,初锦涛,2022-03-31,0,5,13,58,18,6,4,2,0,0,12,1
200,初锦涛,2022-04-30,0,2,9,29,15,0,2,1,0,0,6,0
201,初锦涛,2022-05-31,0,0,7,12,0,6,8,0,0,0,16,0
202,初锦涛,2022-06-30,0,4,6,56,56,0,1,2,0,0,3,0
203,初锦涛,2022-07-31,0,0,0,0,0,0,0,0,0,0,0,0
204,劳志彬,2022-02-28,0,1,2,10,0,0,0,1,0,0,0,0
205,劳志彬,2022-03-31,0,5,13,41,7,7,4,2,0,0,10,0
206,劳志彬,2022-04-30,0,2,9,23,16,6,2,1,0,0,5,0
207,劳志彬,2022-05-31,0,1,7,25,10,10,8,1,0,0,17,0
208,劳志彬,2022-06-30,0,4,6,67,66,0,1,2,0,0,4,0
209,劳志彬,2022-07-31,0,0,0,1,0,0,0,0,0,0,0,0
210,南佳慧,2022-02-28,0,1,2,0,0,0,0,1,0,0,0,0
211,南佳慧,2022-03-31,0,5,12,47,16,8,3,2,0,1,10,1
212,南佳慧,2022-04-30,0,2,9,45,49,2,5,1,0,0,7,0
213,南佳慧,2022-05-31,0,1,7,23,0,6,9,1,0,0,13,0
214,南佳慧,2022-06-30,0,4,6,12,0,0,1,2,0,0,4,0
215,南佳慧,2022-07-31,0,0,0,0,0,0,0,0,0,0,0,0
216,占鹏飞,2022-02-28,0,1,1,8,3,0,0,1,0,0,0,1
217,占鹏飞,2022-03-31,0,5,14,53,12,6,4,2,0,0,9,0
218,占鹏飞,2022-04-30,0,2,9,67,51,6,7,1,0,0,7,0
219,占鹏飞,2022-05-31,0,0,7,45,11,11,11,0,0,0,15,0
220,占鹏飞,2022-06-30,0,4,6,28,22,1,1,2,0,0,4,0
221,占鹏飞,2022-07-31,0,0,0,0,0,0,0,0,0,0,0,0
222,卢卫家,2022-02-28,0,1,2,1,0,0,0,1,0,0,0,0
223,卢卫家,2022-03-31,0,5,12,61,15,8,3,2,0,0,9,1
224,卢卫家,2022-04-30,0,2,9,39,42,4,2,1,0,0,6,0
225,卢卫家,2022-05-31,0,1,7,27,0,9,8,1,0,0,15,0
226,卢卫家,2022-06-30,0,4,6,14,25,0,1,2,0,0,4,0
227,卢卫家,2022-07-31,0,0,0,0,0,0,0,0,0,0,0,0
228,卢瑜涵,2022-02-28,0,1,2,4,3,0,0,1,0,0,0,0
229,卢瑜涵,2022-03-31,0,5,10,55,15,6,3,2,0,1,10,2
230,卢瑜涵,2022-04-30,0,2,9,51,49,2,2,1,0,0,5,0
231,卢瑜涵,2022-05-31,0,1,7,29,0,5,8,1,0,0,17,0
232,卢瑜涵,2022-06-30,0,4,5,58,32,0,2,2,0,0,5,0
233,卢瑜涵,2022-07-31,0,0,0,1,0,0,0,0,0,0,0,0
234,叶俊晗,2022-02-28,0,1,2,7,3,0,0,1,0,0,0,0
235,叶俊晗,2022-03-31,0,5,13,72,18,6,3,2,0,1,10,1
236,叶俊晗,2022-04-30,0,2,9,35,16,5,2,1,0,0,5,0
237,叶俊晗,2022-05-31,0,0,7,53,23,4,7,0,0,0,13,0
238,叶俊晗,2022-06-30,0,4,6,15,1,1,1,2,0,0,4,0
239,叶俊晗,2022-07-31,0,0,0,0,0,0,0,0,0,0,0,0
240,吉赟鹏,2022-02-28,0,1,2,2,2,0,0,1,0,0,0,0
241,吉赟鹏,2022-03-31,0,5,11,26,7,6,3,2,0,0,9,2
242,吉赟鹏,2022-04-30,0,2,7,9,0,2,2,1,0,0,5,0
243,吉赟鹏,2022-05-31,0,0,7,16,0,0,8,0,0,0,16,0
244,吉赟鹏,2022-06-30,0,4,5,7,0,0,1,2,0,0,4,0
245,吉赟鹏,2022-07-31,0,0,0,0,0,0,0,0,0,0,0,0
246,吕昕宇,2022-02-28,0,1,2,7,3,0,0,1,0,0,0,0
247,吕昕宇,2022-03-31,0,5,12,54,23,6,3,2,0,1,9,1
248,吕昕宇,2022-04-30,0,2,9,32,33,4,2,1,0,0,8,0
249,吕昕宇,2022-05-31,0,0,7,45,8,10,8,0,0,0,17,0
250,吕昕宇,2022-06-30,0,4,6,50,32,2,1,2,12,0,5,0
251,吕昕宇,2022-07-31,0,0,0,2,0,0,0,0,0,0,0,0
252,吴友恒,2022-02-28,0,1,2,2,3,0,0,1,0,0,0,0
253,吴友恒,2022-03-31,0,5,14,109,23,4,3,2,0,1,10,0
254,吴友恒,2022-04-30,0,2,9,57,9,3,2,1,0,0,6,0
255,吴友恒,2022-05-31,0,0,7,49,3,8,6,0,0,0,11,0
256,吴友恒,2022-06-30,0,4,5,53,34,2,1,2,0,0,4,1
257,吴友恒,2022-07-31,0,0,0,0,0,0,0,0,0,0,0,0
258,吴宇森,2022-02-28,0,1,2,1,0,0,0,1,0,0,0,0
259,吴宇森,2022-03-31,0,5,13,98,21,8,3,2,0,0,11,0
260,吴宇森,2022-04-30,0,2,9,63,46,4,2,1,0,0,5,0
261,吴宇森,2022-05-31,0,1,7,55,20,10,9,1,0,0,15,0
262,吴宇森,2022-06-30,0,4,6,19,12,0,1,2,0,0,5,0
263,吴宇森,2022-07-31,0,0,0,0,0,0,0,0,0,0,0,0
264,吴岩柯,2022-02-28,0,1,2,7,3,0,0,1,0,0,0,0
265,吴岩柯,2022-03-31,0,5,13,63,16,6,4,2,0,0,9,1
266,吴岩柯,2022-04-30,0,2,9,62,33,6,2,1,0,0,6,0
267,吴岩柯,2022-05-31,0,0,7,89,24,11,8,0,0,0,15,0
268,吴岩柯,2022-06-30,0,4,6,64,21,1,1,2,0,0,4,0
269,吴岩柯,2022-07-31,0,0,0,1,0,0,0,0,0,0,0,0
270,吴成阳,2022-02-28,0,1,2,1,0,0,0,1,0,1,0,0
271,吴成阳,2022-03-31,0,5,13,27,10,8,3,2,0,0,10,0
272,吴成阳,2022-04-30,0,2,9,30,12,4,3,1,0,0,5,0
273,吴成阳,2022-05-31,0,1,7,15,0,6,7,1,0,0,14,0
274,吴成阳,2022-06-30,0,4,6,52,77,2,1,2,0,0,4,0
275,吴成阳,2022-07-31,0,0,0,0,0,0,0,0,0,0,0,0
276,吴浩然,2022-02-28,0,1,2,4,3,0,0,1,0,0,0,0
277,吴浩然,2022-03-31,0,5,14,45,18,6,3,2,0,0,8,0
278,吴浩然,2022-04-30,0,2,9,41,35,6,2,1,0,0,5,0
279,吴浩然,2022-05-31,1,0,7,47,28,9,10,0,0,0,16,0
280,吴浩然,2022-06-30,0,4,6,24,14,0,2,2,0,0,6,0
281,吴浩然,2022-07-31,0,0,0,1,0,0,0,0,0,0,0,0
282,吴瑞阳,2022-02-28,0,1,2,0,0,0,0,1,0,0,0,0
283,吴瑞阳,2022-03-31,0,5,12,23,15,8,3,2,0,0,11,0
284,吴瑞阳,2022-04-30,0,2,9,24,33,4,2,1,0,0,4,0
285,吴瑞阳,2022-05-31,0,1,6,3,0,2,8,1,0,0,16,0
286,吴瑞阳,2022-06-30,0,4,6,6,14,2,1,2,0,0,5,0
287,吴瑞阳,2022-07-31,0,0,0,0,0,0,0,0,0,0,0,0
288,吴紫城,2022-02-28,0,1,2,1,0,0,0,1,0,0,0,0
289,吴紫城,2022-03-31,0,5,12,70,10,8,3,2,2,0,10,1
290,吴紫城,2022-04-30,0,2,9,62,24,2,4,1,0,1,4,0
291,吴紫城,2022-05-31,1,1,7,53,2,6,10,1,0,0,15,0
292,吴紫城,2022-06-30,0,4,6,116,63,2,1,2,0,0,5,0
293,吴紫城,2022-07-31,0,0,0,3,0,0,0,0,0,0,0,0
294,吴钊辉,2022-02-28,0,1,2,0,0,0,0,1,0,0,0,0
295,吴钊辉,2022-03-31,0,5,13,14,7,8,3,2,0,0,9,0
296,吴钊辉,2022-04-30,0,2,9,34,58,4,2,1,0,0,5,0
297,吴钊辉,2022-05-31,0,1,7,27,0,4,8,1,0,0,16,0
298,吴钊辉,2022-06-30,0,4,5,6,0,0,1,2,0,0,4,1
299,吴钊辉,2022-07-31,0,0,0,0,0,0,0,0,0,0,0,0
300,吴韦怡,2022-02-28,0,1,2,2,0,0,0,1,0,0,0,0
301,吴韦怡,2022-03-31,0,5,13,50,9,8,3,2,0,0,11,0
302,吴韦怡,2022-04-30,0,2,9,36,15,2,3,1,0,0,4,0
303,吴韦怡,2022-05-31,0,1,7,32,6,8,8,1,0,0,16,0
304,吴韦怡,2022-06-30,0,4,6,70,69,2,1,2,0,0,4,0
305,吴韦怡,2022-07-31,0,0,0,0,0,0,0,0,0,0,0,0
306,周启铭,2022-02-28,0,1,2,12,0,0,0,1,0,0,0,0
307,周启铭,2022-03-31,0,5,13,82,15,6,3,2,0,0,11,0
308,周启铭,2022-04-30,0,2,9,98,48,4,2,1,0,0,4,0
309,周启铭,2022-05-31,0,0,7,37,4,9,8,0,0,0,16,0
310,周启铭,2022-06-30,0,4,5,58,32,0,1,2,0,0,5,0
311,周启铭,2022-07-31,0,0,0,1,0,0,0,0,0,0,0,0
312,周宇豪,2022-02-28,0,1,2,9,3,0,0,1,0,0,0,0
313,周宇豪,2022-03-31,0,5,12,85,25,8,3,2,0,0,11,1
314,周宇豪,2022-04-30,0,2,9,77,26,4,2,1,0,0,5,0
315,周宇豪,2022-05-31,0,1,7,81,19,10,8,1,0,0,17,0
316,周宇豪,2022-06-30,0,4,6,33,26,2,1,2,0,0,4,0
317,周宇豪,2022-07-31,0,0,0,3,0,0,0,0,0,0,0,0
318,周政,2022-02-28,0,1,2,2,0,0,0,1,0,0,0,0
319,周政,2022-03-31,0,5,13,82,7,9,3,2,2,0,10,0
320,周政,2022-04-30,0,2,9,104,60,4,2,1,0,0,5,0
321,周政,2022-05-31,0,1,7,88,18,12,8,1,0,0,15,0
322,周政,2022-06-30,0,4,6,63,7,1,1,2,0,0,4,0
323,周政,2022-07-31,0,0,0,1,0,0,0,0,0,0,0,0
324,周智豪,2022-02-28,0,1,2,1,0,0,0,1,0,0,0,0
325,周智豪,2022-03-31,0,5,13,46,8,6,3,2,0,0,10,0
326,周智豪,2022-04-30,0,2,9,26,26,2,2,1,0,0,6,0
327,周智豪,2022-05-31,0,1,7,40,33,6,8,1,0,0,15,0
328,周智豪,2022-06-30,0,4,6,29,32,2,1,2,0,0,4,0
329,周智豪,2022-07-31,0,0,0,0,0,0,0,0,0,0,0,0
330,周楚沛,2022-02-28,0,1,2,25,3,0,0,1,0,0,0,0
331,周楚沛,2022-03-31,0,5,12,134,12,6,3,2,0,0,9,0
332,周楚沛,2022-04-30,0,2,9,88,16,7,2,1,0,0,5,0
333,周楚沛,2022-05-31,0,0,7,118,18,10,8,0,0,0,13,0
334,周楚沛,2022-06-30,0,4,5,91,50,2,1,2,0,0,7,0
335,周楚沛,2022-07-31,0,0,0,1,0,0,0,0,0,0,0,0
336,哈丽努尔·艾赛提,2022-02-28,0,1,2,1,0,0,0,1,0,0,0,0
337,哈丽努尔·艾赛提,2022-03-31,0,5,13,24,7,8,3,2,0,1,9,0
338,哈丽努尔·艾赛提,2022-04-30,0,2,8,15,5,2,2,1,0,0,5,0
339,哈丽努尔·艾赛提,2022-05-31,0,1,7,7,1,5,7,1,0,0,17,0
340,哈丽努尔·艾赛提,2022-06-30,0,4,6,12,1,2,1,2,0,0,3,0
341,哈丽努尔·艾赛提,2022-07-31,0,0,0,0,0,0,0,0,0,0,0,0
342,唐哲,2022-02-28,0,1,2,8,3,0,0,1,0,0,0,0
343,唐哲,2022-03-31,0,5,14,102,23,6,3,2,0,0,8,0
344,唐哲,2022-04-30,0,2,9,51,41,2,2,1,0,0,7,0
345,唐哲,2022-05-31,0,0,6,54,18,11,8,0,0,0,17,0
346,唐哲,2022-06-30,0,4,5,24,14,1,1,2,0,0,3,0
347,唐哲,2022-07-31,0,0,0,2,0,0,0,0,0,0,0,0
348,唐玥瑶,2022-02-28,0,1,2,3,0,0,0,1,0,0,0,0
349,唐玥瑶,2022-03-31,0,5,12,45,15,8,3,2,0,0,8,1
350,唐玥瑶,2022-04-30,0,2,9,45,32,2,2,1,0,0,6,0
351,唐玥瑶,2022-05-31,0,1,7,10,8,8,8,1,0,0,18,0
352,唐玥瑶,2022-06-30,0,4,6,49,44,0,1,2,0,0,3,0
353,唐玥瑶,2022-07-31,0,0,0,7,0,0,0,0,0,0,0,0
354,唐珺颺,2022-02-28,0,1,2,9,0,0,0,1,0,0,0,0
355,唐珺颺,2022-03-31,0,5,13,60,7,8,3,2,0,0,10,0
356,唐珺颺,2022-04-30,0,2,9,31,10,2,2,1,0,0,4,0
357,唐珺颺,2022-05-31,0,1,7,62,50,9,7,1,0,0,11,0
358,唐珺颺,2022-06-30,0,4,6,33,32,2,1,2,0,0,6,0
359,唐珺颺,2022-07-31,0,0,0,0,0,0,0,0,0,0,0,0
360,夏宇星,2022-02-28,0,1,2,5,3,0,0,1,0,0,0,0
361,夏宇星,2022-03-31,0,5,14,66,23,9,3,2,0,0,11,0
362,夏宇星,2022-04-30,0,2,9,47,41,6,2,1,0,0,7,0
363,夏宇星,2022-05-31,0,0,7,36,0,11,7,0,0,0,13,0
364,夏宇星,2022-06-30,0,4,6,36,32,1,1,2,0,0,5,0
365,夏宇星,2022-07-31,0,0,0,0,0,0,0,0,0,0,0,0
366,孙婉莹,2022-02-28,0,1,2,17,0,0,0,1,0,0,0,0
367,孙婉莹,2022-03-31,0,5,13,65,8,8,3,2,0,0,8,0
368,孙婉莹,2022-04-30,0,2,9,38,28,2,2,1,0,1,6,0
369,孙婉莹,2022-05-31,0,1,5,64,27,8,8,1,0,0,17,0
370,孙婉莹,2022-06-30,0,4,5,55,36,1,1,2,0,0,5,0
371,孙婉莹,2022-07-31,0,0,0,0,0,0,0,0,0,0,0,0
372,孙子誉,2022-02-28,0,1,2,0,0,0,0,1,0,0,0,0
373,孙子誉,2022-03-31,0,5,13,38,26,8,3,2,0,0,10,0
374,孙子誉,2022-04-30,0,2,9,69,37,4,6,1,0,0,9,0
375,孙子誉,2022-05-31,0,1,7,36,7,11,7,1,0,0,12,0
376,孙子誉,2022-06-30,0,4,6,19,29,1,1,2,0,0,4,0
377,孙子誉,2022-07-31,0,0,0,1,0,0,0,0,0,0,0,0
378,孙德科,2022-02-28,0,1,2,5,3,0,0,1,0,0,0,0
379,孙德科,2022-03-31,0,5,14,77,17,6,3,2,0,0,8,0
380,孙德科,2022-04-30,0,2,9,36,2,6,2,1,0,0,5,0
381,孙德科,2022-05-31,0,0,7,117,42,8,6,0,0,0,10,0
382,孙德科,2022-06-30,0,4,5,41,34,2,1,2,0,0,6,1
383,孙德科,2022-07-31,0,0,0,0,0,0,0,0,0,0,0,0
384,孙昊伟,2022-02-28,0,1,2,0,0,0,0,1,0,0,0,0
385,孙昊伟,2022-03-31,0,5,13,62,12,8,3,2,0,0,8,0
386,孙昊伟,2022-04-30,0,2,9,118,23,4,2,1,0,0,5,0
387,孙昊伟,2022-05-31,1,1,7,155,9,7,8,1,0,0,16,0
388,孙昊伟,2022-06-30,0,4,6,72,2,1,1,2,0,0,4,0
389,孙昊伟,2022-07-31,0,0,0,8,0,0,0,0,0,0,0,0
390,孙景睿,2022-02-28,0,1,2,3,3,0,0,1,0,0,0,0
391,孙景睿,2022-03-31,0,5,14,65,12,7,3,2,0,0,9,0
392,孙景睿,2022-04-30,0,2,9,34,16,5,2,1,0,1,3,0
393,孙景睿,2022-05-31,0,0,7,28,13,8,8,0,0,0,15,0
394,孙景睿,2022-06-30,0,4,6,21,55,2,1,2,0,0,5,0
395,孙景睿,2022-07-31,0,0,0,0,0,0,0,0,0,0,0,0
396,孙起祥,2022-02-28,0,1,2,0,0,0,0,1,0,0,0,0
397,孙起祥,2022-03-31,0,5,13,30,7,6,3,2,0,0,9,0
398,孙起祥,2022-04-30,0,2,9,64,48,3,4,1,0,0,5,0
399,孙起祥,2022-05-31,0,1,7,46,8,3,8,1,0,0,16,0
400,孙起祥,2022-06-30,0,4,6,33,36,0,1,2,0,0,4,0
401,孙起祥,2022-07-31,0,0,0,0,0,0,0,0,0,0,0,0
402,孙辉,2022-02-28,0,0,0,0,0,0,0,0,0,0,0,0
403,孙辉,2022-03-31,0,4,7,17,0,8,3,2,0,0,13,2
404,孙辉,2022-04-30,0,2,6,15,14,4,4,1,0,0,7,0
405,孙辉,2022-05-31,0,0,0,10,0,11,6,0,0,0,13,0
406,孙辉,2022-06-30,0,0,2,2,0,1,1,0,0,0,4,0
407,孙辉,2022-07-31,0,0,0,0,0,0,0,0,0,0,0,0
408,安昊哲,2022-02-28,0,1,2,0,0,0,0,1,0,1,0,0
409,安昊哲,2022-03-31,0,5,13,21,7,6,4,2,0,0,11,0
410,安昊哲,2022-04-30,0,2,9,41,19,4,3,1,0,0,5,0
411,安昊哲,2022-05-31,0,1,7,86,56,4,8,1,0,0,17,0
412,安昊哲,2022-06-30,0,4,6,62,15,2,1,2,0,0,6,0
413,安昊哲,2022-07-31,0,0,0,2,0,0,0,0,0,0,0,0
414,宋紫琴,2022-02-28,0,1,2,8,3,0,0,1,0,0,0,0
415,宋紫琴,2022-03-31,0,5,14,111,19,6,5,2,0,0,8,0
416,宋紫琴,2022-04-30,0,2,9,79,38,6,4,1,0,0,5,0
417,宋紫琴,2022-05-31,0,0,7,92,24,9,13,0,0,0,16,0
418,宋紫琴,2022-06-30,0,4,5,45,15,1,1,2,0,0,6,1
419,宋紫琴,2022-07-31,0,0,0,0,0,0,0,0,0,0,0,0
420,崔继凡,2022-02-28,0,1,2,5,3,0,0,1,0,0,0,0
421,崔继凡,2022-03-31,0,5,12,17,9,5,3,2,0,0,11,1
422,崔继凡,2022-04-30,0,2,9,34,12,2,2,1,0,0,5,0
423,崔继凡,2022-05-31,0,1,5,22,0,3,7,1,0,0,14,1
424,崔继凡,2022-06-30,0,4,6,88,75,2,1,2,0,0,4,0
425,崔继凡,2022-07-31,0,0,0,0,0,0,0,0,0,0,0,0
426,左欣怡,2022-02-28,0,1,2,2,0,0,0,1,0,0,0,0
427,左欣怡,2022-03-31,0,5,13,50,12,8,3,2,0,0,9,0
428,左欣怡,2022-04-30,0,2,9,27,15,4,2,1,0,0,5,0
429,左欣怡,2022-05-31,1,1,7,39,0,9,7,1,0,0,14,0
430,左欣怡,2022-06-30,0,4,6,23,37,2,1,2,0,0,4,0
431,左欣怡,2022-07-31,0,0,0,9,0,0,0,0,0,0,0,0
432,应俊,2022-02-28,0,1,2,1,0,0,0,1,0,0,0,0
433,应俊,2022-03-31,0,5,13,69,18,6,3,2,0,1,11,0
434,应俊,2022-04-30,0,2,9,56,20,6,3,1,0,0,5,0
435,应俊,2022-05-31,1,1,7,189,3,10,8,1,0,0,16,0
436,应俊,2022-06-30,0,4,6,36,0,2,1,2,0,0,4,0
437,应俊,2022-07-31,0,0,0,0,0,0,0,0,0,0,0,0
438,康芷玥,2022-02-28,0,1,2,5,3,0,0,1,0,1,0,0
439,康芷玥,2022-03-31,0,5,13,107,21,8,3,2,0,1,11,0
440,康芷玥,2022-04-30,0,2,9,117,31,4,4,1,0,1,6,0
441,康芷玥,2022-05-31,1,1,7,51,30,10,6,1,0,0,14,0
442,康芷玥,2022-06-30,0,4,6,41,14,2,1,2,0,0,3,0
443,康芷玥,2022-07-31,0,0,0,0,0,0,0,0,0,0,0,0
444,廖志豪,2022-02-28,0,1,2,28,3,0,0,1,0,0,0,0
445,廖志豪,2022-03-31,0,5,14,117,23,8,3,2,0,1,9,0
446,廖志豪,2022-04-30,0,2,9,128,40,4,4,1,0,0,7,0
447,廖志豪,2022-05-31,0,0,7,102,19,10,6,0,0,0,10,0
448,廖志豪,2022-06-30,0,4,6,62,14,2,1,2,0,0,8,0
449,廖志豪,2022-07-31,0,0,0,0,0,0,0,0,0,0,0,0
450,张世豪,2022-02-28,0,1,2,4,0,0,0,1,0,0,0,0
451,张世豪,2022-03-31,0,5,12,92,8,8,4,2,0,0,10,0
452,张世豪,2022-04-30,0,2,9,45,11,4,2,1,0,0,7,0
453,张世豪,2022-05-31,0,1,7,36,9,8,8,1,0,0,17,0
454,张世豪,2022-06-30,0,4,6,37,71,0,1,2,0,0,4,0
455,张世豪,2022-07-31,0,0,0,30,0,0,0,0,0,0,0,0
456,张云耀,2022-02-28,0,1,2,0,0,0,0,1,0,0,0,0
457,张云耀,2022-03-31,0,5,13,73,7,8,5,2,0,0,9,0
458,张云耀,2022-04-30,0,2,9,38,5,2,3,1,0,0,6,0
459,张云耀,2022-05-31,1,1,7,78,10,8,8,1,0,0,14,0
460,张云耀,2022-06-30,0,4,6,66,77,0,1,2,0,0,4,0
461,张云耀,2022-07-31,0,0,0,2,0,0,0,0,0,0,0,0
462,张仁军,2022-02-28,0,1,2,9,3,0,0,1,0,0,0,0
463,张仁军,2022-03-31,0,5,13,35,12,7,3,2,0,0,9,0
464,张仁军,2022-04-30,0,2,9,43,45,6,2,1,0,0,6,0
465,张仁军,2022-05-31,0,1,7,14,11,1,7,1,0,0,16,0
466,张仁军,2022-06-30,0,4,6,20,28,2,1,2,0,0,4,0
467,张仁军,2022-07-31,0,0,0,1,0,0,0,0,0,0,0,0
468,张令,2022-02-28,0,1,2,1,1,0,0,1,0,0,0,0
469,张令,2022-03-31,0,5,13,39,14,6,4,2,0,0,11,0
470,张令,2022-04-30,0,2,9,39,20,6,2,1,0,0,4,0
471,张令,2022-05-31,0,1,7,53,23,10,8,1,0,0,15,0
472,张令,2022-06-30,0,4,6,58,41,2,1,2,0,0,4,0
473,张令,2022-07-31,0,0,0,0,0,0,0,0,0,0,0,0
474,张博,2022-02-28,0,1,2,1,0,0,0,1,0,0,0,0
475,张博,2022-03-31,0,5,12,97,14,6,4,2,0,0,9,0
476,张博,2022-04-30,0,2,9,38,6,2,2,1,0,0,6,0
477,张博,2022-05-31,1,1,7,33,7,8,8,1,0,0,14,0
478,张博,2022-06-30,0,4,6,23,5,2,1,2,0,0,4,0
479,张博,2022-07-31,0,0,0,0,0,0,0,0,0,0,0,0
480,张国伟,2022-02-28,0,1,2,3,0,0,0,1,0,0,0,0
481,张国伟,2022-03-31,0,5,12,93,21,8,3,2,0,0,11,1
482,张国伟,2022-04-30,0,2,9,92,29,4,2,1,0,0,4,0
483,张国伟,2022-05-31,1,1,7,76,9,5,7,1,0,0,16,0
484,张国伟,2022-06-30,0,4,6,94,0,2,1,2,0,0,4,0
485,张国伟,2022-07-31,0,0,0,14,0,0,0,0,0,0,0,0
486,张圆伟,2022-02-28,0,1,2,0,0,0,0,1,0,0,0,0
487,张圆伟,2022-03-31,0,5,12,80,11,8,4,2,0,0,9,1
488,张圆伟,2022-04-30,0,2,9,44,11,2,2,1,0,0,5,0
489,张圆伟,2022-05-31,0,1,7,43,0,7,7,1,0,0,16,0
490,张圆伟,2022-06-30,0,4,6,38,77,2,1,2,0,0,5,0
491,张圆伟,2022-07-31,0,0,0,0,0,0,0,0,0,0,0,0
492,张天赐,2022-02-28,0,1,2,5,3,0,0,1,0,0,0,0
493,张天赐,2022-03-31,0,5,13,120,10,6,5,2,0,0,12,0
494,张天赐,2022-04-30,0,2,9,54,22,4,2,1,0,0,5,0
495,张天赐,2022-05-31,0,1,7,65,0,10,8,1,0,0,16,0
496,张天赐,2022-06-30,0,4,6,69,50,1,1,2,0,0,4,0
497,张天赐,2022-07-31,0,0,0,1,0,0,0,0,0,0,0,0
498,张子涵,2022-02-28,0,1,2,3,0,0,0,1,0,0,0,0
499,张子涵,2022-03-31,0,5,13,163,25,8,4,2,0,0,6,0
500,张子涵,2022-04-30,0,2,9,219,32,4,3,1,0,0,4,0
501,张子涵,2022-05-31,1,1,7,206,22,10,11,1,1,0,11,0
502,张子涵,2022-06-30,0,4,6,58,20,2,1,2,0,0,7,0
503,张子涵,2022-07-31,0,0,0,21,0,0,0,0,0,0,0,0
504,张宇鸿,2022-02-28,0,1,2,9,2,0,0,1,0,0,0,0
505,张宇鸿,2022-03-31,0,5,13,49,7,6,4,2,0,0,9,0
506,张宇鸿,2022-04-30,0,2,9,41,17,4,2,1,0,0,7,0
507,张宇鸿,2022-05-31,0,1,7,34,4,9,8,1,0,0,16,0
508,张宇鸿,2022-06-30,0,4,6,62,65,2,1,2,0,0,4,0
509,张宇鸿,2022-07-31,0,0,0,0,0,0,0,0,0,0,0,0
510,张家豪,2022-02-28,0,1,2,0,0,0,0,1,0,0,0,0
511,张家豪,2022-03-31,0,5,13,28,7,5,3,2,0,0,11,0
512,张家豪,2022-04-30,0,2,9,32,15,2,2,1,0,0,6,0
513,张家豪,2022-05-31,0,1,7,17,0,5,7,1,0,0,12,0
514,张家豪,2022-06-30,0,4,6,4,0,0,1,2,0,0,5,0
515,张家豪,2022-07-31,0,0,0,0,0,0,0,0,0,0,0,0
516,张所鑫,2022-02-28,0,1,2,8,0,0,0,1,0,0,0,0
517,张所鑫,2022-03-31,0,5,13,102,26,8,3,2,0,0,10,0
518,张所鑫,2022-04-30,0,2,9,67,26,4,4,1,0,0,5,0
519,张所鑫,2022-05-31,0,1,7,65,33,10,7,1,0,0,14,0
520,张所鑫,2022-06-30,0,4,6,39,14,0,1,2,0,0,5,0
521,张所鑫,2022-07-31,0,0,0,2,0,0,0,0,0,0,0,0
522,张晋源,2022-02-28,0,1,2,5,1,0,0,1,0,1,0,0
523,张晋源,2022-03-31,0,5,14,68,20,6,3,2,0,0,9,0
524,张晋源,2022-04-30,0,2,9,40,27,4,2,1,0,0,5,0
525,张晋源,2022-05-31,0,0,7,45,18,11,9,0,0,0,15,0
526,张晋源,2022-06-30,0,4,6,28,21,1,1,2,0,0,6,0
527,张晋源,2022-07-31,0,0,0,0,0,0,0,0,0,0,0,0
528,张梦成,2022-02-28,0,1,2,11,0,0,0,1,0,1,0,0
529,张梦成,2022-03-31,0,5,13,88,9,10,4,2,0,0,9,0
530,张梦成,2022-04-30,0,2,9,58,10,4,2,1,0,0,5,0
531,张梦成,2022-05-31,0,1,7,61,6,10,8,1,0,0,16,0
532,张梦成,2022-06-30,0,4,6,33,74,2,1,2,0,0,4,0
533,张梦成,2022-07-31,0,0,0,1,0,0,0,0,0,0,0,0
534,张欢,2022-02-28,0,1,2,1,0,0,0,1,0,0,0,0
535,张欢,2022-03-31,0,5,13,23,8,7,3,2,0,1,12,0
536,张欢,2022-04-30,0,2,9,43,59,4,2,1,0,0,4,0
537,张欢,2022-05-31,0,1,7,30,0,8,15,1,0,0,15,0
538,张欢,2022-06-30,0,4,6,12,0,2,1,2,0,0,6,0
539,张欢,2022-07-31,0,0,0,0,0,0,0,0,0,0,0,0
540,张泽林,2022-02-28,0,1,2,2,1,0,0,1,0,0,0,0
541,张泽林,2022-03-31,0,5,13,38,12,3,3,2,0,0,11,0
542,张泽林,2022-04-30,0,2,9,12,1,0,1,1,0,0,4,0
543,张泽林,2022-05-31,0,0,7,24,0,2,5,0,0,0,9,0
544,张泽林,2022-06-30,0,4,5,8,0,0,1,2,0,0,5,0
545,张泽林,2022-07-31,0,0,0,0,0,0,0,0,0,0,0,0
546,张海萌,2022-02-28,0,1,2,0,0,0,0,1,0,0,0,0
547,张海萌,2022-03-31,0,5,13,108,26,8,3,2,0,0,10,0
548,张海萌,2022-04-30,0,2,9,111,38,4,2,1,0,0,6,0
549,张海萌,2022-05-31,0,1,7,86,18,10,8,1,0,0,14,0
550,张海萌,2022-06-30,0,4,6,36,17,0,1,2,0,0,5,0
551,张海萌,2022-07-31,0,0,0,0,0,0,0,0,0,0,0,0
552,张淼,2022-02-28,0,1,2,4,0,0,0,1,0,0,0,0
553,张淼,2022-03-31,0,5,13,50,9,8,4,2,0,0,9,0
554,张淼,2022-04-30,0,2,9,48,39,4,2,1,0,0,4,0
555,张淼,2022-05-31,0,1,7,72,29,10,8,1,0,0,15,0
556,张淼,2022-06-30,0,4,6,32,22,2,1,2,0,0,5,0
557,张淼,2022-07-31,0,0,0,0,0,0,0,0,0,0,0,0
558,张祉浩,2022-02-28,0,1,2,6,2,0,0,1,0,0,0,0
559,张祉浩,2022-03-31,0,5,13,52,11,6,4,2,0,1,11,0
560,张祉浩,2022-04-30,0,2,9,23,7,2,2,1,0,1,5,0
561,张祉浩,2022-05-31,0,1,7,11,0,4,8,1,0,0,17,0
562,张祉浩,2022-06-30,0,4,6,2,0,0,1,2,0,0,3,0
563,张祉浩,2022-07-31,0,0,0,0,0,0,0,0,0,0,0,0
564,张继业,2022-02-28,0,1,0,4,0,0,0,1,0,0,0,1
565,张继业,2022-03-31,0,5,6,40,1,6,3,2,0,0,11,7
566,张继业,2022-04-30,0,2,9,67,66,4,2,1,0,0,5,0
567,张继业,2022-05-31,0,1,7,30,18,10,8,1,0,0,15,0
568,张继业,2022-06-30,0,4,6,29,14,2,1,2,0,0,4,0
569,张继业,2022-07-31,0,0,0,0,0,0,0,0,0,0,0,0
570,张艺菲,2022-02-28,0,1,2,0,0,0,0,1,0,0,0,0
571,张艺菲,2022-03-31,0,5,13,15,8,8,3,2,0,1,8,0
572,张艺菲,2022-04-30,0,2,9,16,13,2,2,1,0,0,6,0
573,张艺菲,2022-05-31,0,1,8,8,7,6,8,1,0,0,16,0
574,张艺菲,2022-06-30,0,4,6,77,71,2,1,2,0,0,4,0
575,张艺菲,2022-07-31,0,0,0,0,0,0,0,0,0,0,0,0
576,张驰锐,2022-02-28,0,1,2,3,0,0,0,1,0,0,0,0
577,张驰锐,2022-03-31,0,5,13,26,7,6,3,2,0,0,10,0
578,张驰锐,2022-04-30,0,2,9,17,19,2,2,1,0,0,4,0
579,张驰锐,2022-05-31,0,1,7,7,0,2,6,1,0,0,12,0
580,张驰锐,2022-06-30,0,4,6,8,0,2,1,2,0,0,4,0
581,张驰锐,2022-07-31,0,0,0,0,0,0,0,0,0,0,0,0
582,彭广,2022-02-28,0,1,2,0,0,0,0,1,0,0,0,0
583,彭广,2022-03-31,0,5,12,44,7,8,3,2,0,0,11,1
584,彭广,2022-04-30,0,2,9,38,10,2,2,1,0,0,3,0
585,彭广,2022-05-31,0,1,7,50,4,6,8,1,0,0,19,0
586,彭广,2022-06-30,0,4,6,11,0,1,1,2,0,0,4,0
587,彭广,2022-07-31,0,0,0,0,0,0,0,0,0,0,0,0
588,彭志德,2022-02-28,0,1,2,13,3,0,0,1,0,0,0,0
589,彭志德,2022-03-31,0,5,13,64,23,9,4,2,0,0,9,0
590,彭志德,2022-04-30,0,2,9,58,36,4,2,1,0,0,5,0
591,彭志德,2022-05-31,0,1,7,53,13,8,8,1,0,0,17,0
592,彭志德,2022-06-30,0,4,6,52,24,2,1,2,0,0,4,0
593,彭志德,2022-07-31,0,0,0,0,0,0,0,0,0,0,0,0
594,徐增智,2022-02-28,0,1,2,8,0,0,0,1,0,0,0,0
595,徐增智,2022-03-31,0,5,13,92,15,8,3,2,0,0,10,0
596,徐增智,2022-04-30,0,2,9,57,12,2,2,1,0,0,6,0
597,徐增智,2022-05-31,0,1,7,113,5,11,8,1,0,0,16,0
598,徐增智,2022-06-30,0,4,6,60,66,1,1,2,0,0,5,0
599,徐增智,2022-07-31,0,0,0,3,0,0,0,0,0,0,0,0
600,徐天楷,2022-02-28,0,1,2,12,1,0,0,1,0,0,0,0
601,徐天楷,2022-03-31,0,5,13,111,19,8,4,2,0,1,14,0
602,徐天楷,2022-04-30,0,2,9,95,43,4,2,1,0,0,6,0
603,徐天楷,2022-05-31,1,1,7,66,4,11,9,1,0,0,15,0
604,徐天楷,2022-06-30,0,4,6,52,32,1,1,2,0,0,4,0
605,徐天楷,2022-07-31,0,0,0,1,0,0,0,0,0,0,0,0
606,徐强,2022-02-28,0,1,2,7,0,0,0,1,0,0,0,0
607,徐强,2022-03-31,0,5,13,104,9,6,4,2,0,0,8,0
608,徐强,2022-04-30,0,2,9,50,10,6,2,1,0,0,4,0
609,徐强,2022-05-31,0,1,7,56,0,6,8,1,0,0,15,0
610,徐强,2022-06-30,0,4,6,47,80,0,1,2,0,0,6,0
611,徐强,2022-07-31,0,0,0,0,0,0,0,0,0,0,0,0
612,徐昕昱,2022-02-28,0,0,0,0,0,0,0,0,0,0,0,0
613,徐昕昱,2022-03-31,0,4,7,57,7,6,3,2,0,0,8,0
614,徐昕昱,2022-04-30,0,0,4,33,10,6,2,0,0,0,5,0
615,徐昕昱,2022-05-31,0,0,5,39,6,2,7,0,0,0,12,1
616,徐昕昱,2022-06-30,0,4,5,21,0,0,1,2,0,0,6,0
617,徐昕昱,2022-07-31,0,0,0,0,0,0,0,0,0,0,0,0
618,成柏霏,2022-02-28,0,1,2,2,0,0,0,1,0,0,0,0
619,成柏霏,2022-03-31,0,5,13,37,7,9,4,2,0,2,10,0
620,成柏霏,2022-04-30,0,2,9,263,50,4,6,1,0,0,7,0
621,成柏霏,2022-05-31,0,1,7,31,0,12,11,1,0,0,10,0
622,成柏霏,2022-06-30,0,4,6,17,0,1,1,2,0,0,6,0
623,成柏霏,2022-07-31,0,0,0,1,0,0,0,0,0,0,0,0
624,戴振豪,2022-02-28,0,1,2,3,3,0,0,1,0,0,0,0
625,戴振豪,2022-03-31,0,5,12,42,9,6,3,2,0,0,11,0
626,戴振豪,2022-04-30,0,2,9,20,4,2,2,1,0,0,6,0
627,戴振豪,2022-05-31,0,0,7,26,0,5,7,0,0,0,16,0
628,戴振豪,2022-06-30,0,4,5,12,0,0,1,2,0,0,4,0
629,戴振豪,2022-07-31,0,0,0,0,0,0,0,0,0,0,0,0
630,戴欣怡,2022-02-28,0,1,2,0,0,0,0,1,0,0,0,0
631,戴欣怡,2022-03-31,0,5,13,48,14,8,3,2,0,0,11,0
632,戴欣怡,2022-04-30,0,2,9,53,21,4,2,1,0,0,5,0
633,戴欣怡,2022-05-31,0,1,7,51,13,6,6,1,0,0,9,0
634,戴欣怡,2022-06-30,0,4,6,44,51,2,1,2,0,0,5,0
635,戴欣怡,2022-07-31,0,0,0,0,0,0,0,0,0,0,0,0
636,戴钺,2022-02-28,0,1,2,8,3,0,0,1,0,0,0,0
637,戴钺,2022-03-31,0,5,14,99,17,6,5,2,0,0,10,0
638,戴钺,2022-04-30,0,2,8,46,15,4,2,1,0,0,7,0
639,戴钺,2022-05-31,0,0,7,65,20,9,8,0,0,0,15,0
640,戴钺,2022-06-30,0,4,4,45,44,0,1,2,0,0,4,0
641,戴钺,2022-07-31,0,0,0,0,0,0,0,0,0,0,0,0
642,支振辉,2022-02-28,0,1,2,0,0,0,0,1,0,0,0,0
643,支振辉,2022-03-31,0,5,13,56,8,6,3,2,0,0,10,0
644,支振辉,2022-04-30,0,2,9,60,20,2,6,1,0,0,7,0
645,支振辉,2022-05-31,0,1,7,47,4,9,4,1,0,0,11,0
646,支振辉,2022-06-30,0,4,6,9,0,2,1,2,0,0,7,0
647,支振辉,2022-07-31,0,0,0,0,0,0,0,0,0,0,0,0
648,时鑫泉,2022-02-28,0,0,1,6,0,0,0,0,0,0,0,0
649,时鑫泉,2022-03-31,0,4,13,104,24,8,3,2,0,0,10,0
650,时鑫泉,2022-04-30,0,2,9,53,7,4,2,1,0,0,5,0
651,时鑫泉,2022-05-31,0,1,7,79,22,9,8,1,0,0,16,0
652,时鑫泉,2022-06-30,0,2,6,69,46,0,1,1,0,0,5,0
653,时鑫泉,2022-07-31,0,0,0,1,0,0,0,0,0,0,0,0
654,景群,2022-02-28,0,1,2,10,0,0,0,1,0,0,0,0
655,景群,2022-03-31,0,5,12,55,8,6,3,2,0,0,9,0
656,景群,2022-04-30,0,2,9,44,7,6,2,1,0,0,6,0
657,景群,2022-05-31,0,0,7,169,52,10,8,0,0,0,15,0
658,景群,2022-06-30,0,4,6,18,3,0,1,2,0,0,2,0
659,景群,2022-07-31,0,0,0,0,0,0,0,0,0,0,0,0
660,曹佳伟,2022-02-28,0,1,2,0,0,0,0,1,0,0,0,0
661,曹佳伟,2022-03-31,0,5,12,102,8,8,3,2,2,1,11,1
662,曹佳伟,2022-04-30,0,2,9,30,8,2,1,1,0,0,3,0
663,曹佳伟,2022-05-31,0,1,7,29,1,8,6,1,0,0,12,0
664,曹佳伟,2022-06-30,0,4,6,93,82,2,2,2,0,0,6,0
665,曹佳伟,2022-07-31,0,0,0,1,0,0,0,0,0,0,0,0
666,曹镇宇,2022-02-28,0,1,2,1,0,0,0,1,0,0,0,0
667,曹镇宇,2022-03-31,0,5,13,31,5,8,4,2,0,1,11,0
668,曹镇宇,2022-04-30,0,2,9,25,10,2,3,1,0,0,4,0
669,曹镇宇,2022-05-31,0,1,7,36,5,8,7,1,0,0,15,0
670,曹镇宇,2022-06-30,0,4,6,12,3,2,1,2,0,0,4,0
671,曹镇宇,2022-07-31,0,0,0,0,0,0,0,0,0,0,0,0
672,曾彭,2022-02-28,0,1,2,13,0,0,0,1,0,0,0,0
673,曾彭,2022-03-31,0,5,14,97,15,1,1,2,0,0,4,0
674,曾彭,2022-04-30,0,2,9,40,7,4,2,1,0,0,4,0
675,曾彭,2022-05-31,0,0,7,48,0,9,6,0,0,0,12,0
676,曾彭,2022-06-30,0,4,6,15,0,0,2,2,0,0,3,0
677,曾彭,2022-07-31,0,0,0,0,0,0,0,0,0,0,0,0
678,曾榆峰,2022-02-28,0,0,0,0,0,0,0,0,0,0,0,0
679,曾榆峰,2022-03-31,0,0,1,13,0,0,0,0,0,0,0,1
680,曾榆峰,2022-04-30,0,0,2,0,0,0,0,0,0,0,0,0
681,曾榆峰,2022-05-31,0,0,0,0,0,0,0,0,0,0,0,0
682,曾榆峰,2022-06-30,0,0,0,1,0,0,0,0,0,0,0,0
683,曾榆峰,2022-07-31,0,0,0,0,0,0,0,0,0,0,0,0
684,朱俊林,2022-02-28,0,1,2,4,0,0,0,1,0,0,0,0
685,朱俊林,2022-03-31,0,5,12,43,7,6,3,2,0,0,9,1
686,朱俊林,2022-04-30,0,2,9,14,6,4,2,1,0,0,7,0
687,朱俊林,2022-05-31,0,0,7,25,11,3,7,0,0,0,14,0
688,朱俊林,2022-06-30,0,4,5,29,75,0,1,2,0,0,4,0
689,朱俊林,2022-07-31,0,0,0,0,0,0,0,0,0,0,0,0
690,朱兆山,2022-02-28,0,1,2,0,0,0,0,1,0,0,0,0
691,朱兆山,2022-03-31,0,5,13,40,3,8,3,2,0,0,13,0
692,朱兆山,2022-04-30,0,2,9,28,7,2,2,1,0,0,5,0
693,朱兆山,2022-05-31,0,1,7,65,10,11,9,1,0,0,16,0
694,朱兆山,2022-06-30,0,4,6,55,79,2,1,2,0,0,3,0
695,朱兆山,2022-07-31,0,0,0,0,0,0,0,0,0,0,0,0
696,朱忠悦,2022-02-28,0,1,2,13,0,0,0,1,0,0,0,0
697,朱忠悦,2022-03-31,0,5,13,150,26,7,3,2,0,0,11,0
698,朱忠悦,2022-04-30,0,2,9,99,32,5,2,1,0,0,5,0
699,朱忠悦,2022-05-31,0,1,7,61,13,10,8,1,0,0,16,0
700,朱忠悦,2022-06-30,0,4,6,45,28,2,1,2,0,0,4,0
701,朱忠悦,2022-07-31,0,0,0,0,0,0,0,0,0,0,0,0
702,朱文宇,2022-02-28,0,1,2,5,2,0,0,1,0,0,0,0
703,朱文宇,2022-03-31,0,5,13,60,13,6,3,2,0,0,9,1
704,朱文宇,2022-04-30,0,2,9,43,43,4,2,1,0,0,6,0
705,朱文宇,2022-05-31,0,0,7,20,8,4,11,0,0,0,17,0
706,朱文宇,2022-06-30,0,4,5,9,0,0,1,2,0,0,4,1
707,朱文宇,2022-07-31,0,0,0,0,0,0,0,0,0,0,0,0
708,朱轶,2022-02-28,0,1,2,8,1,0,0,1,0,0,0,0
709,朱轶,2022-03-31,0,5,11,47,7,6,3,2,0,0,10,2
710,朱轶,2022-04-30,0,2,9,28,15,2,2,1,0,0,5,0
711,朱轶,2022-05-31,0,1,7,32,1,8,8,1,0,0,17,0
712,朱轶,2022-06-30,0,4,6,31,75,1,1,2,0,0,4,0
713,朱轶,2022-07-31,0,0,0,0,0,0,0,0,0,0,0,0
714,李亦凡,2022-02-28,0,1,2,0,0,0,0,1,0,1,0,0
715,李亦凡,2022-03-31,0,5,12,28,7,8,3,2,1,1,10,0
716,李亦凡,2022-04-30,0,2,9,11,15,0,1,1,0,0,2,0
717,李亦凡,2022-05-31,0,1,7,5,0,6,7,1,0,0,15,0
718,李亦凡,2022-06-30,0,4,5,1,0,0,1,2,0,0,4,0
719,李亦凡,2022-07-31,0,0,0,0,0,0,0,0,0,0,0,0
720,李卓函,2022-02-28,0,1,2,2,0,0,0,1,0,0,0,0
721,李卓函,2022-03-31,0,5,13,55,7,6,3,2,0,0,11,0
722,李卓函,2022-04-30,0,2,9,57,8,4,2,1,0,0,4,0
723,李卓函,2022-05-31,1,1,7,137,14,12,8,1,0,0,16,0
724,李卓函,2022-06-30,0,4,6,92,14,2,1,2,0,0,6,0
725,李卓函,2022-07-31,0,0,0,3,0,0,0,0,0,0,0,0
726,李卓贤,2022-02-28,0,1,2,1,0,0,0,1,0,0,0,0
727,李卓贤,2022-03-31,0,5,13,36,7,9,4,2,1,1,10,0
728,李卓贤,2022-04-30,0,2,9,27,6,2,2,1,0,0,4,0
729,李卓贤,2022-05-31,0,1,7,37,0,10,8,1,0,0,17,0
730,李卓贤,2022-06-30,0,4,6,19,6,2,1,2,0,0,5,0
731,李卓贤,2022-07-31,0,0,0,0,0,0,0,0,0,0,0,0
732,李子豪,2022-02-28,0,1,2,4,3,0,0,1,0,0,0,0
733,李子豪,2022-03-31,0,5,13,41,7,8,4,2,0,0,10,0
734,李子豪,2022-04-30,0,2,9,31,9,2,2,1,0,0,6,0
735,李子豪,2022-05-31,0,1,6,24,1,7,8,1,0,0,16,0
736,李子豪,2022-06-30,0,4,5,45,79,0,2,2,0,0,4,0
737,李子豪,2022-07-31,0,0,0,0,0,0,0,0,0,0,0,0
738,李宇阳,2022-02-28,0,1,2,2,0,0,0,1,0,0,0,0
739,李宇阳,2022-03-31,0,5,13,62,5,8,3,2,0,0,9,0
740,李宇阳,2022-04-30,0,2,9,68,7,4,2,1,0,0,5,0
741,李宇阳,2022-05-31,1,1,7,96,11,6,9,1,0,0,15,0
742,李宇阳,2022-06-30,0,4,6,60,0,0,1,2,0,0,5,0
743,李宇阳,2022-07-31,0,0,0,0,0,0,0,0,0,0,0,0
744,李志成,2022-02-28,0,1,2,0,0,0,0,1,0,0,0,0
745,李志成,2022-03-31,0,5,12,58,19,8,4,2,0,0,7,1
746,李志成,2022-04-30,0,2,9,33,7,4,2,1,0,0,4,0
747,李志成,2022-05-31,0,1,7,73,59,8,7,1,0,0,14,0
748,李志成,2022-06-30,0,4,6,138,14,1,1,2,0,0,6,0
749,李志成,2022-07-31,0,0,0,0,0,0,0,0,0,0,0,0
750,李想,2022-02-28,0,1,2,13,3,0,0,1,0,0,0,0
751,李想,2022-03-31,0,5,11,110,19,6,3,2,0,0,9,2
752,李想,2022-04-30,0,2,9,48,13,6,2,1,0,0,6,0
753,李想,2022-05-31,0,0,7,47,19,8,8,0,0,0,16,0
754,李想,2022-06-30,0,4,6,74,45,2,1,2,0,0,4,0
755,李想,2022-07-31,0,0,0,1,0,0,0,0,0,0,0,0
756,李成诚,2022-02-28,0,1,2,9,2,0,0,1,0,0,0,0
757,李成诚,2022-03-31,0,5,13,83,19,6,4,2,0,0,9,1
758,李成诚,2022-04-30,0,2,9,49,25,4,2,1,0,0,6,0
759,李成诚,2022-05-31,0,0,7,25,6,4,7,0,0,0,14,0
760,李成诚,2022-06-30,0,4,6,33,47,0,1,2,0,0,4,0
761,李成诚,2022-07-31,0,0,0,0,0,0,0,0,0,0,0,0
762,李文博,2022-02-28,0,1,2,0,0,0,0,1,0,0,0,0
763,李文博,2022-03-31,0,5,13,61,18,8,3,2,0,0,12,0
764,李文博,2022-04-30,0,2,9,38,12,4,2,1,0,0,6,0
765,李文博,2022-05-31,0,1,7,49,5,5,5,1,0,0,9,0
766,李文博,2022-06-30,0,4,6,22,1,2,1,2,0,0,4,0
767,李文博,2022-07-31,0,0,0,0,0,0,0,0,0,0,0,0
768,李旺林,2022-02-28,0,1,2,27,3,0,0,1,0,0,0,0
769,李旺林,2022-03-31,0,5,13,146,16,6,3,2,0,0,10,0
770,李旺林,2022-04-30,0,2,9,81,12,6,2,1,0,0,6,0
771,李旺林,2022-05-31,0,1,7,78,1,10,8,1,0,0,16,0
772,李旺林,2022-06-30,0,4,6,59,15,2,2,2,0,0,4,0
773,李旺林,2022-07-31,0,0,0,0,0,0,0,0,0,0,0,0
774,李昊岩,2022-02-28,0,1,2,1,0,0,0,1,0,0,0,0
775,李昊岩,2022-03-31,0,5,13,58,16,6,3,2,0,0,10,1
776,李昊岩,2022-04-30,0,2,9,16,0,6,2,1,0,0,5,0
777,李昊岩,2022-05-31,0,0,7,51,24,8,8,0,0,1,16,0
778,李昊岩,2022-06-30,0,4,6,78,39,2,1,2,0,0,3,0
779,李昊岩,2022-07-31,0,0,0,1,0,0,0,0,0,0,0,0
780,李昱阳,2022-02-28,0,1,2,0,0,0,0,1,0,0,0,0
781,李昱阳,2022-03-31,0,5,13,65,7,6,5,2,0,0,10,0
782,李昱阳,2022-04-30,0,2,9,69,44,6,2,1,0,0,7,0
783,李昱阳,2022-05-31,0,1,7,56,1,8,8,1,0,0,17,0
784,李昱阳,2022-06-30,0,4,6,58,47,2,1,2,0,0,4,0
785,李昱阳,2022-07-31,0,0,0,1,0,0,0,0,0,0,0,0
786,李晨希,2022-02-28,0,1,2,9,1,0,0,1,0,0,0,0
787,李晨希,2022-03-31,0,5,14,67,18,6,3,2,0,0,10,0
788,李晨希,2022-04-30,0,2,9,28,3,0,2,1,0,0,7,0
789,李晨希,2022-05-31,0,0,7,26,0,0,7,0,0,0,13,0
790,李晨希,2022-06-30,0,4,6,40,77,0,1,2,0,0,5,0
791,李晨希,2022-07-31,0,0,0,0,0,0,0,0,0,0,0,0
792,李晨曦,2022-02-28,0,1,2,1,0,0,0,1,0,0,0,0
793,李晨曦,2022-03-31,0,5,13,68,7,8,3,2,0,0,12,0
794,李晨曦,2022-04-30,0,2,9,36,9,2,2,1,0,1,5,0
795,李晨曦,2022-05-31,0,1,7,40,6,9,7,1,0,0,12,0
796,李晨曦,2022-06-30,0,4,6,11,0,1,1,2,0,0,4,0
797,李晨曦,2022-07-31,0,0,0,0,0,0,0,0,0,0,0,0
798,李朝旭,2022-02-28,0,1,2,12,3,0,0,1,0,0,0,0
799,李朝旭,2022-03-31,0,5,13,55,12,6,3,2,0,0,8,1
800,李朝旭,2022-04-30,0,2,9,33,32,4,2,1,0,0,7,0
801,李朝旭,2022-05-31,0,0,7,50,13,10,8,0,0,0,17,0
802,李朝旭,2022-06-30,0,4,6,29,39,2,1,2,0,0,3,0
803,李朝旭,2022-07-31,0,0,0,0,0,0,0,0,0,0,0,0
804,李栗学锐,2022-02-28,0,0,0,0,0,0,0,0,0,0,0,0
805,李栗学锐,2022-03-31,0,0,4,26,0,0,0,0,0,0,0,1
806,李栗学锐,2022-04-30,0,0,0,0,0,0,0,0,0,0,0,0
807,李栗学锐,2022-05-31,0,0,0,0,0,0,0,0,0,0,0,0
808,李栗学锐,2022-06-30,0,0,0,0,0,0,0,0,0,0,0,0
809,李栗学锐,2022-07-31,0,0,0,0,0,0,0,0,0,0,0,0
810,李沛恒,2022-02-28,0,1,2,3,0,0,0,1,0,0,0,0
811,李沛恒,2022-03-31,0,5,13,100,26,8,5,2,1,0,10,0
812,李沛恒,2022-04-30,0,2,9,154,41,4,5,1,0,0,7,0
813,李沛恒,2022-05-31,0,1,7,131,18,11,13,1,0,0,16,0
814,李沛恒,2022-06-30,0,4,6,53,14,1,1,2,0,0,11,0
815,李沛恒,2022-07-31,0,0,0,0,0,0,0,0,0,0,0,0
816,李洛,2022-02-28,0,1,2,5,3,0,0,1,0,0,0,0
817,李洛,2022-03-31,0,5,11,47,13,6,3,2,0,2,10,2
818,李洛,2022-04-30,0,2,8,31,21,0,2,1,0,0,6,0
819,李洛,2022-05-31,0,0,7,14,4,2,7,0,0,0,13,0
820,李洛,2022-06-30,0,4,6,24,58,2,1,2,0,0,4,0
821,李洛,2022-07-31,0,0,0,0,0,0,0,0,0,0,0,0
822,李浚源,2022-02-28,0,1,2,19,1,0,0,1,0,0,0,0
823,李浚源,2022-03-31,0,5,12,91,14,8,3,2,0,0,11,1
824,李浚源,2022-04-30,0,2,9,61,15,4,2,1,0,0,5,0
825,李浚源,2022-05-31,0,1,7,41,8,8,8,1,0,0,16,0
826,李浚源,2022-06-30,0,4,6,29,0,0,1,2,0,0,4,0
827,李浚源,2022-07-31,0,0,0,0,0,0,0,0,0,0,0,0
828,李浩东,2022-02-28,0,1,2,7,3,0,0,1,0,0,0,0
829,李浩东,2022-03-31,0,5,14,58,8,8,4,2,0,0,9,0
830,李浩东,2022-04-30,0,2,9,29,10,4,2,1,0,0,6,0
831,李浩东,2022-05-31,0,0,7,53,2,9,8,0,0,1,15,0
832,李浩东,2022-06-30,0,4,6,70,20,1,1,2,0,0,4,0
833,李浩东,2022-07-31,0,0,0,0,0,0,0,0,0,0,0,0
834,李瑀涵,2022-02-28,0,1,2,5,0,0,0,1,0,0,0,0
835,李瑀涵,2022-03-31,0,5,13,59,7,8,4,2,0,0,10,0
836,李瑀涵,2022-04-30,0,2,9,36,6,4,3,1,0,0,6,0
837,李瑀涵,2022-05-31,0,1,7,60,29,11,9,1,0,0,17,0
838,李瑀涵,2022-06-30,0,4,6,63,57,1,1,2,0,0,3,0
839,李瑀涵,2022-07-31,0,0,0,0,0,0,0,0,0,0,0,0
840,李瑞兴,2022-02-28,0,1,2,0,0,0,0,1,0,0,0,0
841,李瑞兴,2022-03-31,0,5,13,57,8,8,3,2,0,1,11,0
842,李瑞兴,2022-04-30,0,2,9,30,14,4,2,1,0,0,5,0
843,李瑞兴,2022-05-31,0,1,7,30,3,10,8,1,0,0,19,0
844,李瑞兴,2022-06-30,0,5,6,6,3,0,1,2,0,0,4,0
845,李瑞兴,2022-07-31,0,0,0,0,0,0,0,0,0,0,0,0
846,李璐,2022-02-28,0,1,2,9,2,0,0,1,0,0,0,0
847,李璐,2022-03-31,0,5,13,55,24,6,3,2,0,1,9,1
848,李璐,2022-04-30,0,2,9,25,13,2,2,1,0,0,7,0
849,李璐,2022-05-31,0,0,7,37,48,7,8,0,0,0,15,0
850,李璐,2022-06-30,0,4,6,6,0,2,1,2,0,0,4,0
851,李璐,2022-07-31,0,0,0,0,0,0,0,0,0,0,0,0
852,李粤黔,2022-02-28,0,1,2,4,0,0,0,1,0,0,0,0
853,李粤黔,2022-03-31,0,5,13,56,15,9,4,2,0,0,8,0
854,李粤黔,2022-04-30,0,2,9,33,10,2,2,1,0,0,4,0
855,李粤黔,2022-05-31,0,1,7,29,3,6,7,1,0,0,15,0
856,李粤黔,2022-06-30,0,4,6,180,6,1,1,2,0,0,4,0
857,李粤黔,2022-07-31,0,0,0,1,0,0,0,0,0,0,0,0
858,李超杰,2022-02-28,0,1,2,12,3,0,0,1,0,0,0,0
859,李超杰,2022-03-31,0,5,14,120,12,6,3,2,0,0,11,0
860,李超杰,2022-04-30,0,2,9,58,14,2,2,1,0,0,4,0
861,李超杰,2022-05-31,0,0,7,80,8,8,7,0,0,0,13,0
862,李超杰,2022-06-30,0,4,6,49,8,2,1,2,0,0,4,0
863,李超杰,2022-07-31,0,0,0,0,0,0,0,0,0,0,0,0
864,李鑫威,2022-02-28,0,0,0,0,0,0,0,0,0,0,0,0
865,李鑫威,2022-03-31,0,4,11,54,13,3,2,2,0,0,7,1
866,李鑫威,2022-04-30,0,2,6,48,18,4,2,1,0,0,6,0
867,李鑫威,2022-05-31,0,0,1,74,3,10,8,0,0,0,18,0
868,李鑫威,2022-06-30,0,0,0,16,0,2,0,0,0,0,2,1
869,李鑫威,2022-07-31,0,0,0,0,0,0,0,0,0,0,0,0
870,李闻泽,2022-02-28,0,1,2,13,3,0,0,1,0,0,0,0
871,李闻泽,2022-03-31,0,5,13,53,21,7,3,2,0,0,7,1
872,李闻泽,2022-04-30,0,2,8,25,24,4,2,1,0,0,3,0
873,李闻泽,2022-05-31,0,0,7,48,13,11,8,0,0,0,15,0
874,李闻泽,2022-06-30,0,4,5,21,38,1,1,2,0,0,6,0
875,李闻泽,2022-07-31,0,0,0,0,0,0,0,0,0,0,0,0
876,李陈恺宁,2022-02-28,0,1,2,2,3,0,0,1,0,0,0,0
877,李陈恺宁,2022-03-31,0,5,13,55,21,6,3,2,0,0,11,0
878,李陈恺宁,2022-04-30,0,2,9,42,32,4,2,1,0,0,5,0
879,李陈恺宁,2022-05-31,1,1,7,36,0,9,8,1,0,0,16,0
880,李陈恺宁,2022-06-30,0,4,6,51,43,2,1,2,0,0,4,0
881,李陈恺宁,2022-07-31,0,0,0,1,0,0,0,0,0,0,0,0
882,杜中明,2022-02-28,0,1,2,2,0,0,0,1,0,0,0,0
883,杜中明,2022-03-31,0,5,12,132,26,8,3,2,0,0,10,1
884,杜中明,2022-04-30,0,2,9,57,9,4,2,1,0,0,5,0
885,杜中明,2022-05-31,0,1,7,114,42,10,8,1,0,0,14,0
886,杜中明,2022-06-30,0,4,6,59,0,2,1,2,0,0,8,0
887,杜中明,2022-07-31,0,0,0,1,0,0,0,0,0,0,0,0
888,杜泽鑫,2022-02-28,0,1,2,8,3,0,0,1,0,0,0,0
889,杜泽鑫,2022-03-31,0,5,13,56,16,8,3,2,0,0,10,0
890,杜泽鑫,2022-04-30,0,2,9,39,16,0,2,1,0,0,6,0
891,杜泽鑫,2022-05-31,0,1,7,35,0,4,7,1,0,1,14,0
892,杜泽鑫,2022-06-30,0,4,6,72,61,2,1,2,0,0,5,0
893,杜泽鑫,2022-07-31,0,0,0,2,1,0,0,0,0,0,0,0
894,杨健力,2022-02-28,0,1,2,7,0,0,0,1,0,0,0,0
895,杨健力,2022-03-31,0,5,13,50,15,8,4,2,0,1,8,0
896,杨健力,2022-04-30,0,2,9,35,9,2,2,1,0,0,6,0
897,杨健力,2022-05-31,0,1,6,27,0,10,8,1,0,0,17,0
898,杨健力,2022-06-30,0,4,6,62,75,2,1,2,0,0,4,0
899,杨健力,2022-07-31,0,0,0,0,0,0,0,0,0,0,0,0
900,杨力勇,2022-02-28,0,1,2,1,0,0,0,1,0,0,0,0
901,杨力勇,2022-03-31,0,5,12,20,4,8,3,2,0,0,9,1
902,杨力勇,2022-04-30,0,2,9,24,10,2,3,1,0,0,4,0
903,杨力勇,2022-05-31,0,1,7,40,12,3,6,1,0,0,14,0
904,杨力勇,2022-06-30,0,4,6,5,0,0,1,2,0,0,4,0
905,杨力勇,2022-07-31,0,0,0,0,0,0,0,0,0,0,0,0
906,杨子江,2022-02-28,0,1,2,1,0,0,0,1,0,0,0,0
907,杨子江,2022-03-31,0,5,13,68,16,8,3,2,0,0,9,0
908,杨子江,2022-04-30,0,2,9,56,14,4,3,1,0,0,6,0
909,杨子江,2022-05-31,0,1,7,45,0,8,8,1,0,0,16,0
910,杨子江,2022-06-30,0,4,6,25,69,0,2,2,0,0,4,0
911,杨子江,2022-07-31,0,0,0,0,0,0,0,0,0,0,0,0
912,杨子轩,2022-02-28,0,1,2,5,0,0,0,1,0,0,0,0
913,杨子轩,2022-03-31,0,5,13,39,7,8,4,2,0,1,10,0
914,杨子轩,2022-04-30,0,2,9,40,7,2,2,1,0,0,5,0
915,杨子轩,2022-05-31,0,1,7,48,1,6,8,1,0,0,16,0
916,杨子轩,2022-06-30,0,4,6,134,84,0,1,2,0,0,4,0
917,杨子轩,2022-07-31,0,0,0,0,0,0,0,0,0,0,0,0
918,杨定洋,2022-02-28,0,1,2,0,0,0,0,1,0,0,0,0
919,杨定洋,2022-03-31,0,5,13,52,8,9,4,2,0,0,8,0
920,杨定洋,2022-04-30,0,2,9,56,16,2,3,1,0,0,5,0
921,杨定洋,2022-05-31,0,1,7,43,3,11,10,1,0,0,15,0
922,杨定洋,2022-06-30,0,4,6,24,0,2,1,2,0,0,4,0
923,杨定洋,2022-07-31,0,0,0,0,0,0,0,0,0,0,0,0
924,杨家乐,2022-02-28,0,1,2,23,2,0,0,1,0,1,0,0
925,杨家乐,2022-03-31,0,5,13,144,13,8,4,2,0,0,10,0
926,杨家乐,2022-04-30,0,2,9,82,17,4,2,1,0,0,4,0
927,杨家乐,2022-05-31,0,1,7,105,3,10,8,1,0,0,19,0
928,杨家乐,2022-06-30,0,4,6,82,7,2,1,2,0,0,4,0
929,杨家乐,2022-07-31,0,0,0,0,0,0,0,0,0,0,0,0
930,杨建峰,2022-02-28,0,1,2,6,3,0,0,1,0,0,0,0
931,杨建峰,2022-03-31,0,5,12,93,23,6,4,2,0,2,10,1
932,杨建峰,2022-04-30,0,2,9,48,16,6,2,1,0,0,7,0
933,杨建峰,2022-05-31,0,1,6,81,43,10,8,1,0,0,17,1
934,杨建峰,2022-06-30,0,4,6,27,7,2,1,2,0,0,4,0
935,杨建峰,2022-07-31,0,0,0,0,0,0,0,0,0,0,0,0
936,杨梦婷,2022-02-28,0,1,2,1,0,0,0,1,0,0,0,0
937,杨梦婷,2022-03-31,0,5,13,72,7,8,3,2,0,0,9,0
938,杨梦婷,2022-04-30,0,2,9,38,13,4,2,1,0,0,6,0
939,杨梦婷,2022-05-31,0,1,8,31,7,6,8,1,0,0,16,0
940,杨梦婷,2022-06-30,0,4,6,75,72,2,1,2,0,0,4,0
941,杨梦婷,2022-07-31,0,0,0,0,0,0,0,0,0,0,0,0
942,杨欣元,2022-02-28,0,1,2,1,0,0,0,1,0,0,0,0
943,杨欣元,2022-03-31,0,5,11,38,15,8,3,2,0,0,10,0
944,杨欣元,2022-04-30,0,2,9,28,14,2,2,1,0,0,5,0
945,杨欣元,2022-05-31,0,1,7,12,0,8,8,1,0,0,17,0
946,杨欣元,2022-06-30,0,4,6,13,8,2,1,2,0,0,4,0
947,杨欣元,2022-07-31,0,0,0,0,0,0,0,0,0,0,0,0
948,杨正午,2022-02-28,0,1,2,4,0,0,0,1,0,0,0,0
949,杨正午,2022-03-31,0,5,7,43,7,8,3,2,0,0,9,2
950,杨正午,2022-04-30,0,2,8,24,16,4,4,1,0,0,7,1
951,杨正午,2022-05-31,0,1,6,17,0,9,5,1,0,0,14,0
952,杨正午,2022-06-30,0,4,5,46,76,2,1,2,0,0,3,0
953,杨正午,2022-07-31,0,0,0,0,0,0,0,0,0,0,0,0
954,杨熙城,2022-02-28,0,1,2,5,0,0,0,1,0,0,0,0
955,杨熙城,2022-03-31,0,5,13,42,15,8,3,2,0,0,9,0
956,杨熙城,2022-04-30,0,2,9,27,9,4,2,1,0,0,6,0
957,杨熙城,2022-05-31,0,1,7,40,1,9,8,1,0,0,16,0
958,杨熙城,2022-06-30,0,4,6,18,39,0,1,2,0,0,4,0
959,杨熙城,2022-07-31,0,0,0,0,0,0,0,0,0,0,0,0
960,杨镒丞,2022-02-28,0,0,0,0,0,0,0,0,0,0,0,0
961,杨镒丞,2022-03-31,0,0,0,0,0,0,0,0,0,0,0,1
962,杨镒丞,2022-04-30,0,0,2,0,0,0,0,0,0,0,0,0
963,杨镒丞,2022-05-31,0,0,0,0,0,0,0,0,0,0,0,0
964,杨镒丞,2022-06-30,0,0,0,1,0,0,0,0,0,0,0,0
965,杨镒丞,2022-07-31,0,0,0,0,0,0,0,0,0,0,0,0
966,杨顺攀,2022-02-28,0,1,2,0,0,0,0,1,0,0,0,0
967,杨顺攀,2022-03-31,0,5,13,72,6,8,3,2,0,1,9,0
968,杨顺攀,2022-04-30,0,2,9,54,27,2,2,1,0,0,5,0
969,杨顺攀,2022-05-31,0,1,7,138,34,10,8,1,0,0,16,0
970,杨顺攀,2022-06-30,0,4,6,71,0,2,1,2,0,0,4,0
971,杨顺攀,2022-07-31,0,0,0,0,0,0,0,0,0,0,0,0
972,杨鸿菱,2022-02-28,0,1,2,3,0,0,0,1,0,0,0,0
973,杨鸿菱,2022-03-31,0,5,13,68,7,8,3,2,0,0,9,0
974,杨鸿菱,2022-04-30,0,2,9,45,10,2,2,1,0,0,6,0
975,杨鸿菱,2022-05-31,0,1,7,44,0,8,8,1,0,0,17,0
976,杨鸿菱,2022-06-30,0,4,6,25,8,2,1,2,0,0,4,0
977,杨鸿菱,2022-07-31,0,0,0,0,0,0,0,0,0,0,0,0
978,林天福,2022-02-28,0,0,0,0,0,0,0,0,0,0,0,0
979,林天福,2022-03-31,0,4,10,72,15,8,3,2,0,0,7,1
980,林天福,2022-04-30,0,2,8,32,46,4,2,1,0,0,6,0
981,林天福,2022-05-31,0,0,6,27,0,10,6,0,0,0,14,0
982,林天福,2022-06-30,0,4,5,9,0,0,1,2,0,0,2,0
983,林天福,2022-07-31,0,0,0,0,0,0,0,0,0,0,0,0
984,查飞扬,2022-02-28,0,0,0,0,0,0,0,0,0,0,0,0
985,查飞扬,2022-03-31,0,3,3,18,0,0,2,2,0,0,7,2
986,查飞扬,2022-04-30,0,0,3,0,0,0,0,0,0,0,0,0
987,查飞扬,2022-05-31,0,0,0,4,0,0,0,0,0,0,0,1
988,查飞扬,2022-06-30,0,0,0,0,0,0,0,0,0,0,0,0
989,查飞扬,2022-07-31,0,0,0,0,0,0,0,0,0,0,0,0
990,柳怀成,2022-02-28,0,1,2,11,3,0,0,1,0,0,0,0
991,柳怀成,2022-03-31,0,5,13,80,16,6,4,2,0,0,7,1
992,柳怀成,2022-04-30,0,2,9,68,48,6,2,1,0,0,4,0
993,柳怀成,2022-05-31,0,0,7,121,10,11,10,0,0,0,14,0
994,柳怀成,2022-06-30,0,4,6,34,22,1,1,2,0,0,5,0
995,柳怀成,2022-07-31,0,0,0,0,0,0,0,0,0,0,0,0
996,梁乐丹,2022-02-28,0,1,2,6,3,0,0,1,0,0,0,0
997,梁乐丹,2022-03-31,0,3,14,123,23,3,3,1,0,0,9,0
998,梁乐丹,2022-04-30,0,2,9,48,1,3,2,1,0,0,4,0
999,梁乐丹,2022-05-31,1,0,7,163,46,7,8,0,0,0,14,0
1000,梁乐丹,2022-06-30,0,4,6,72,26,1,1,2,0,0,6,0
1001,梁乐丹,2022-07-31,0,0,0,0,0,0,0,0,0,0,0,0
1002,殷泽阳,2022-02-28,0,1,2,0,0,0,0,1,0,0,0,0
1003,殷泽阳,2022-03-31,0,5,11,26,1,6,4,2,0,0,11,1
1004,殷泽阳,2022-04-30,0,2,9,49,47,0,2,1,0,0,6,0
1005,殷泽阳,2022-05-31,0,0,6,25,4,0,7,0,0,0,14,0
1006,殷泽阳,2022-06-30,0,4,4,13,0,0,1,2,0,0,4,0
1007,殷泽阳,2022-07-31,0,0,0,0,0,0,0,0,0,0,0,0
1008,毛清宇,2022-02-28,0,1,2,7,3,0,0,1,0,0,0,0
1009,毛清宇,2022-03-31,0,5,12,58,21,8,4,2,0,0,10,0
1010,毛清宇,2022-04-30,0,2,9,46,29,2,3,1,0,1,8,0
1011,毛清宇,2022-05-31,0,1,7,32,12,3,6,1,0,0,15,0
1012,毛清宇,2022-06-30,0,4,6,40,34,2,1,2,0,0,4,0
1013,毛清宇,2022-07-31,0,0,0,0,0,0,0,0,0,0,0,0
1014,江徐炜,2022-02-28,0,1,2,13,0,0,0,1,0,0,0,0
1015,江徐炜,2022-03-31,0,5,13,77,7,8,3,2,0,0,9,0
1016,江徐炜,2022-04-30,0,2,9,83,15,2,2,1,0,0,7,0
1017,江徐炜,2022-05-31,0,1,7,81,20,9,8,1,0,0,17,0
1018,江徐炜,2022-06-30,0,4,6,61,57,1,2,2,0,0,4,0
1019,江徐炜,2022-07-31,0,0,0,2,0,0,0,0,0,0,0,0
1020,江正,2022-02-28,0,1,2,4,3,0,0,1,0,0,0,0
1021,江正,2022-03-31,0,5,10,42,11,8,3,2,0,0,8,1
1022,江正,2022-04-30,0,2,9,15,12,0,2,1,0,1,7,0
1023,江正,2022-05-31,0,0,7,13,0,4,7,0,0,0,15,0
1024,江正,2022-06-30,0,4,6,27,22,0,1,2,0,0,3,0
1025,江正,2022-07-31,0,0,0,0,0,0,0,0,0,0,0,0
1026,汤国庆,2022-02-28,0,1,2,16,3,0,0,1,0,0,0,0
1027,汤国庆,2022-03-31,0,5,13,196,23,8,4,2,0,0,9,0
1028,汤国庆,2022-04-30,0,2,9,136,39,4,3,1,0,0,7,0
1029,汤国庆,2022-05-31,0,1,7,119,20,10,8,1,0,0,17,0
1030,汤国庆,2022-06-30,0,4,6,80,14,2,1,2,0,0,4,0
1031,汤国庆,2022-07-31,0,0,0,2,0,0,0,0,0,0,0,0
1032,汤玉欣,2022-02-28,0,1,2,2,0,0,0,1,0,0,0,0
1033,汤玉欣,2022-03-31,0,5,13,69,7,8,3,2,0,2,7,0
1034,汤玉欣,2022-04-30,0,2,9,29,12,2,2,1,0,0,5,0
1035,汤玉欣,2022-05-31,0,1,7,95,58,8,7,1,0,0,13,0
1036,汤玉欣,2022-06-30,0,4,6,18,0,2,1,2,0,0,5,0
1037,汤玉欣,2022-07-31,0,0,0,0,0,0,0,0,0,0,0,0
1038,汪昱臣,2022-02-28,0,1,2,3,0,0,0,1,0,0,0,0
1039,汪昱臣,2022-03-31,0,5,13,110,15,6,6,2,0,0,8,0
1040,汪昱臣,2022-04-30,0,2,9,59,8,6,3,1,0,0,5,0
1041,汪昱臣,2022-05-31,0,1,7,55,0,10,8,1,0,0,14,0
1042,汪昱臣,2022-06-30,0,4,6,56,76,2,1,2,0,0,5,0
1043,汪昱臣,2022-07-31,0,0,0,3,0,0,0,0,0,0,0,0
1044,洪愿,2022-02-28,0,1,2,5,0,0,0,1,0,0,0,0
1045,洪愿,2022-03-31,0,5,14,64,14,6,3,2,0,0,9,0
1046,洪愿,2022-04-30,0,2,9,15,0,0,1,1,0,0,5,0
1047,洪愿,2022-05-31,0,0,7,22,0,4,7,0,0,0,14,0
1048,洪愿,2022-06-30,0,4,6,102,85,0,1,2,0,0,3,0
1049,洪愿,2022-07-31,0,0,0,0,0,0,0,0,0,0,0,0
1050,涂知然,2022-02-28,0,1,2,10,0,0,0,1,0,0,0,0
1051,涂知然,2022-03-31,0,5,13,118,10,8,3,2,0,0,10,0
1052,涂知然,2022-04-30,0,2,9,71,12,4,2,1,0,0,5,0
1053,涂知然,2022-05-31,0,1,7,78,3,10,8,1,0,0,14,0
1054,涂知然,2022-06-30,0,4,6,102,74,2,1,2,0,0,6,0
1055,涂知然,2022-07-31,0,0,0,2,0,0,0,0,0,0,0,0
1056,游嘉鑫,2022-02-28,0,1,2,9,3,0,0,1,0,0,0,0
1057,游嘉鑫,2022-03-31,0,5,13,41,16,6,3,2,0,0,9,1
1058,游嘉鑫,2022-04-30,0,2,9,19,7,0,2,1,0,0,5,0
1059,游嘉鑫,2022-05-31,0,0,7,20,12,5,7,0,0,0,13,0
1060,游嘉鑫,2022-06-30,0,4,6,9,0,0,1,2,0,0,5,0
1061,游嘉鑫,2022-07-31,0,0,0,0,0,0,0,0,0,0,0,0
1062,滕晓蕾,2022-02-28,0,1,2,0,0,0,0,1,0,0,0,0
1063,滕晓蕾,2022-03-31,0,5,14,51,7,6,3,2,0,0,7,0
1064,滕晓蕾,2022-04-30,0,2,9,39,14,4,2,1,0,1,4,0
1065,滕晓蕾,2022-05-31,0,0,7,19,5,8,9,0,0,0,16,0
1066,滕晓蕾,2022-06-30,0,4,6,16,0,0,1,2,0,0,4,0
1067,滕晓蕾,2022-07-31,0,0,0,0,0,0,0,0,0,0,0,0
1068,潘嘉琪,2022-02-28,0,1,2,4,1,0,0,1,0,0,0,0
1069,潘嘉琪,2022-03-31,0,5,14,51,20,6,3,2,0,1,10,0
1070,潘嘉琪,2022-04-30,0,2,9,42,36,4,2,1,0,0,5,0
1071,潘嘉琪,2022-05-31,0,0,7,26,10,8,8,0,0,0,17,0
1072,潘嘉琪,2022-06-30,0,4,6,20,22,2,1,2,0,0,4,0
1073,潘嘉琪,2022-07-31,0,0,0,0,0,0,0,0,0,0,0,0
1074,潘妍,2022-02-28,0,1,2,5,0,0,0,1,0,0,0,0
1075,潘妍,2022-03-31,0,5,13,34,12,6,3,2,0,0,9,0
1076,潘妍,2022-04-30,0,2,9,33,12,2,2,1,0,0,5,0
1077,潘妍,2022-05-31,0,1,7,29,0,0,7,1,0,0,14,0
1078,潘妍,2022-06-30,0,4,6,59,75,0,1,2,0,0,4,0
1079,潘妍,2022-07-31,0,0,0,0,0,0,0,0,0,0,0,0
1080,王一童,2022-02-28,0,0,0,0,0,0,0,0,0,0,0,0
1081,王一童,2022-03-31,0,0,0,6,0,0,0,0,0,0,0,0
1082,王一童,2022-04-30,0,0,3,1,0,0,0,0,0,0,0,0
1083,王一童,2022-05-31,0,0,0,0,0,0,0,0,0,0,0,0
1084,王一童,2022-06-30,0,0,0,0,0,0,0,0,0,0,0,0
1085,王一童,2022-07-31,0,0,0,0,0,0,0,0,0,0,0,0
1086,王一舟,2022-02-28,0,1,2,7,0,0,0,1,0,0,0,0
1087,王一舟,2022-03-31,0,6,13,88,15,8,4,2,0,0,8,0
1088,王一舟,2022-04-30,0,2,9,68,17,4,2,1,0,0,4,0
1089,王一舟,2022-05-31,0,1,7,47,0,9,8,1,0,0,19,0
1090,王一舟,2022-06-30,0,4,6,22,2,2,1,2,0,0,5,0
1091,王一舟,2022-07-31,0,0,0,0,0,0,0,0,0,0,0,0
1092,王一萍,2022-02-28,0,0,0,0,0,0,0,0,0,0,0,0
1093,王一萍,2022-03-31,0,2,1,28,0,6,3,1,0,0,8,3
1094,王一萍,2022-04-30,0,0,4,17,0,6,2,0,0,0,5,0
1095,王一萍,2022-05-31,0,0,0,52,67,9,6,0,0,0,11,0
1096,王一萍,2022-06-30,0,4,2,77,32,1,1,2,10,0,5,0
1097,王一萍,2022-07-31,0,0,0,4,0,0,0,0,0,0,0,0
1098,王亚娟,2022-02-28,0,1,2,0,0,0,0,1,0,0,0,0
1099,王亚娟,2022-03-31,0,5,13,77,7,6,3,2,0,0,9,0
1100,王亚娟,2022-04-30,0,2,9,38,10,6,2,1,0,0,6,0
1101,王亚娟,2022-05-31,0,1,7,80,32,8,8,1,0,0,16,0
1102,王亚娟,2022-06-30,0,4,6,108,50,2,1,2,0,0,3,0
1103,王亚娟,2022-07-31,0,0,0,1,0,0,0,0,0,0,0,0
1104,王伟哲,2022-02-28,0,1,2,5,0,0,0,1,0,0,0,0
1105,王伟哲,2022-03-31,0,5,14,64,16,6,4,2,0,2,10,0
1106,王伟哲,2022-04-30,0,2,9,47,31,4,2,1,0,0,6,0
1107,王伟哲,2022-05-31,0,0,7,69,20,8,8,0,0,0,16,0
1108,王伟哲,2022-06-30,0,4,6,41,22,2,1,2,0,0,4,0
1109,王伟哲,2022-07-31,0,0,0,0,0,0,0,0,0,0,0,0
1110,王壮壮,2022-02-28,0,1,2,4,3,0,0,1,0,0,0,0
1111,王壮壮,2022-03-31,0,5,12,43,7,6,3,2,0,0,8,2
1112,王壮壮,2022-04-30,0,2,7,17,0,4,2,1,0,0,7,1
1113,王壮壮,2022-05-31,0,0,6,45,1,10,7,0,0,0,15,0
1114,王壮壮,2022-06-30,0,4,5,28,82,1,1,2,0,0,4,0
1115,王壮壮,2022-07-31,0,0,0,0,0,0,0,0,0,0,0,0
1116,王宇飞,2022-02-28,0,0,0,0,0,0,0,0,0,0,0,0
1117,王宇飞,2022-03-31,0,0,6,7,4,0,1,0,0,0,3,0
1118,王宇飞,2022-04-30,0,0,4,0,0,0,0,0,0,0,0,0
1119,王宇飞,2022-05-31,0,0,0,0,0,0,0,0,0,0,0,0
1120,王宇飞,2022-06-30,0,0,0,0,0,0,0,0,0,0,0,0
1121,王宇飞,2022-07-31,0,0,0,0,0,0,0,0,0,0,0,0
1122,王志勇,2022-02-28,0,1,2,0,0,0,0,1,0,0,0,0
1123,王志勇,2022-03-31,0,5,11,45,15,4,3,2,0,0,9,1
1124,王志勇,2022-04-30,0,2,7,20,11,2,2,1,0,0,7,0
1125,王志勇,2022-05-31,0,0,7,29,16,4,4,0,0,0,7,0
1126,王志勇,2022-06-30,0,4,5,17,3,0,1,2,0,0,4,0
1127,王志勇,2022-07-31,0,0,0,1,0,0,0,0,0,0,0,0
1128,王愉杰,2022-02-28,0,1,2,0,0,0,0,1,0,0,0,0
1129,王愉杰,2022-03-31,0,5,13,80,7,6,3,2,0,0,8,0
1130,王愉杰,2022-04-30,0,2,9,58,9,4,2,1,0,0,6,0
1131,王愉杰,2022-05-31,0,1,8,48,5,6,8,1,0,0,18,0
1132,王愉杰,2022-06-30,0,4,6,100,78,2,1,2,0,0,4,0
1133,王愉杰,2022-07-31,0,0,0,0,0,0,0,0,0,0,0,0
1134,王梓涵,2022-02-28,0,1,1,0,0,0,0,1,0,0,0,0
1135,王梓涵,2022-03-31,0,1,0,0,0,0,0,0,0,0,0,0
1136,王梓涵,2022-04-30,0,0,4,1,0,0,0,0,0,0,0,0
1137,王梓涵,2022-05-31,0,0,0,0,0,0,0,0,0,0,0,0
1138,王梓涵,2022-06-30,0,0,0,0,0,0,0,0,0,0,0,0
1139,王梓涵,2022-07-31,0,0,0,0,0,0,0,0,0,0,0,0
1140,王正升,2022-02-28,0,1,2,4,3,0,0,1,0,0,0,0
1141,王正升,2022-03-31,0,5,14,39,12,8,2,2,0,0,8,0
1142,王正升,2022-04-30,0,2,8,26,0,0,2,1,0,0,4,0
1143,王正升,2022-05-31,0,0,6,11,0,0,0,0,0,0,0,0
1144,王正升,2022-06-30,0,4,4,9,2,0,1,2,0,0,3,0
1145,王正升,2022-07-31,0,0,0,0,0,0,0,0,0,0,0,0
1146,王毅洋,2022-02-28,0,1,2,1,0,0,0,1,0,0,0,0
1147,王毅洋,2022-03-31,0,5,13,52,10,9,3,2,0,0,10,0
1148,王毅洋,2022-04-30,0,2,9,40,12,4,2,1,0,0,5,0
1149,王毅洋,2022-05-31,0,1,7,36,5,8,9,1,0,0,17,0
1150,王毅洋,2022-06-30,0,4,6,47,72,2,1,2,0,0,4,0
1151,王毅洋,2022-07-31,0,0,0,0,0,0,0,0,0,0,0,0
1152,王洋,2022-02-28,0,1,2,5,2,0,0,1,0,0,0,0
1153,王洋,2022-03-31,0,5,13,82,13,8,4,2,0,1,9,0
1154,王洋,2022-04-30,0,2,9,74,22,4,2,1,0,0,5,0
1155,王洋,2022-05-31,0,1,7,125,48,12,8,1,0,0,14,0
1156,王洋,2022-06-30,0,4,6,51,14,2,1,2,0,0,5,0
1157,王洋,2022-07-31,0,0,0,0,0,0,0,0,0,0,0,0
1158,王玉琛,2022-02-28,0,1,2,14,3,0,0,1,0,0,0,0
1159,王玉琛,2022-03-31,0,4,14,45,12,6,3,2,0,0,6,0
1160,王玉琛,2022-04-30,0,2,8,29,9,4,2,1,0,0,6,0
1161,王玉琛,2022-05-31,0,0,6,33,0,8,8,0,0,0,16,0
1162,王玉琛,2022-06-30,0,4,6,25,75,2,1,2,0,0,3,0
1163,王玉琛,2022-07-31,0,0,0,0,0,0,0,0,0,0,0,0
1164,王秀钊,2022-02-28,0,1,2,8,3,0,0,1,0,0,0,0
1165,王秀钊,2022-03-31,0,5,14,42,9,6,3,2,0,0,8,0
1166,王秀钊,2022-04-30,0,2,9,41,23,4,2,1,0,0,5,0
1167,王秀钊,2022-05-31,0,0,7,33,13,7,7,0,0,0,14,0
1168,王秀钊,2022-06-30,0,4,6,27,51,2,1,2,0,0,5,0
1169,王秀钊,2022-07-31,0,0,0,0,0,0,0,0,0,0,0,0
1170,王立,2022-02-28,0,1,2,2,0,0,0,1,0,0,0,0
1171,王立,2022-03-31,0,5,13,75,17,8,3,2,0,0,11,0
1172,王立,2022-04-30,0,2,9,58,20,4,2,1,0,0,6,0
1173,王立,2022-05-31,0,1,7,60,37,10,8,1,0,0,13,0
1174,王立,2022-06-30,0,4,6,22,25,1,1,2,0,0,5,0
1175,王立,2022-07-31,0,0,0,0,0,0,0,0,0,0,0,0
1176,王耀锐,2022-02-28,0,1,2,5,3,0,0,1,0,0,0,0
1177,王耀锐,2022-03-31,0,5,11,23,23,6,3,2,0,0,9,0
1178,王耀锐,2022-04-30,0,2,9,10,33,0,1,1,0,0,5,0
1179,王耀锐,2022-05-31,0,0,7,5,15,0,7,0,0,0,14,0
1180,王耀锐,2022-06-30,0,4,4,8,25,0,1,2,0,0,6,0
1181,王耀锐,2022-07-31,0,0,0,0,0,0,0,0,0,0,0,0
1182,王艳红,2022-02-28,0,1,2,14,3,0,0,1,0,0,0,0
1183,王艳红,2022-03-31,0,5,12,76,8,8,3,2,0,0,8,1
1184,王艳红,2022-04-30,0,2,9,50,1,4,2,1,0,0,4,0
1185,王艳红,2022-05-31,0,1,7,48,0,4,9,1,0,0,16,0
1186,王艳红,2022-06-30,0,4,6,115,85,0,1,2,0,0,4,0
1187,王艳红,2022-07-31,0,0,0,6,2,0,0,0,0,0,0,0
1188,田玺,2022-02-28,0,1,2,0,0,0,0,1,0,0,0,0
1189,田玺,2022-03-31,0,5,12,67,8,8,3,2,0,0,8,0
1190,田玺,2022-04-30,0,2,9,97,36,4,2,1,0,0,3,0
1191,田玺,2022-05-31,0,1,7,70,0,4,8,1,0,0,16,0
1192,田玺,2022-06-30,0,4,6,42,55,2,1,2,0,0,8,0
1193,田玺,2022-07-31,0,0,0,0,0,0,0,0,0,0,0,0
1194,田雨畅,2022-02-28,0,1,2,0,0,0,0,1,0,0,0,0
1195,田雨畅,2022-03-31,0,5,12,40,8,7,3,2,0,0,10,1
1196,田雨畅,2022-04-30,0,2,9,19,10,2,2,1,0,0,5,0
1197,田雨畅,2022-05-31,0,1,7,34,49,5,8,1,0,0,19,0
1198,田雨畅,2022-06-30,0,4,6,0,0,0,1,2,0,0,6,0
1199,田雨畅,2022-07-31,0,0,0,0,0,0,0,0,0,0,0,0
1200,皮浩龙,2022-02-28,0,1,2,0,0,0,0,1,0,0,0,0
1201,皮浩龙,2022-03-31,0,5,12,48,7,8,3,2,0,0,10,1
1202,皮浩龙,2022-04-30,0,2,9,79,59,4,2,1,0,0,5,0
1203,皮浩龙,2022-05-31,0,1,7,35,0,9,12,1,0,0,15,0
1204,皮浩龙,2022-06-30,0,4,6,32,32,1,1,2,0,0,4,0
1205,皮浩龙,2022-07-31,0,0,0,0,0,0,0,0,0,0,0,0
1206,石俊凡,2022-02-28,0,1,2,0,0,0,0,1,0,0,0,0
1207,石俊凡,2022-03-31,0,5,12,38,8,6,3,2,0,0,11,0
1208,石俊凡,2022-04-30,0,2,9,22,20,4,2,1,0,0,7,0
1209,石俊凡,2022-05-31,0,1,6,11,0,5,7,1,0,0,16,0
1210,石俊凡,2022-06-30,0,4,6,13,0,2,1,2,0,0,4,0
1211,石俊凡,2022-07-31,0,0,0,0,0,0,0,0,0,0,0,0
1212,石子略,2022-02-28,0,1,2,0,0,0,0,1,0,1,0,0
1213,石子略,2022-03-31,0,5,13,17,6,5,3,2,0,0,8,0
1214,石子略,2022-04-30,0,2,9,11,13,0,2,1,0,0,8,0
1215,石子略,2022-05-31,0,1,7,11,0,5,6,1,0,0,11,0
1216,石子略,2022-06-30,0,4,6,13,0,2,1,2,0,0,4,0
1217,石子略,2022-07-31,0,0,0,0,0,0,0,0,0,0,0,0
1218,祁温鑫,2022-02-28,0,1,2,0,0,0,0,1,0,0,0,0
1219,祁温鑫,2022-03-31,0,5,14,12,6,6,3,2,0,0,8,0
1220,祁温鑫,2022-04-30,0,2,8,20,20,4,2,1,0,0,5,0
1221,祁温鑫,2022-05-31,0,0,7,36,16,10,8,0,0,0,15,0
1222,祁温鑫,2022-06-30,0,4,6,22,57,2,1,2,0,0,3,0
1223,祁温鑫,2022-07-31,0,0,0,0,0,0,0,0,0,0,0,0
1224,秦三铭,2022-02-28,0,1,2,0,0,0,0,1,0,0,0,0
1225,秦三铭,2022-03-31,0,5,13,41,7,8,4,2,0,0,12,0
1226,秦三铭,2022-04-30,0,2,9,25,12,4,2,1,0,0,4,0
1227,秦三铭,2022-05-31,0,1,7,51,20,10,7,1,0,0,15,0
1228,秦三铭,2022-06-30,0,4,6,16,15,1,1,2,0,0,5,0
1229,秦三铭,2022-07-31,0,0,0,0,0,0,0,0,0,0,0,0
1230,程心怡,2022-02-28,0,1,2,5,0,0,0,1,0,0,0,0
1231,程心怡,2022-03-31,0,5,14,47,15,8,3,2,0,0,8,0
1232,程心怡,2022-04-30,0,2,9,19,15,4,2,1,0,0,5,0
1233,程心怡,2022-05-31,0,0,7,6,0,6,4,0,0,0,9,0
1234,程心怡,2022-06-30,0,4,6,24,69,0,1,2,0,0,3,0
1235,程心怡,2022-07-31,0,0,0,0,0,0,0,0,0,0,0,0
1236,程悦航,2022-02-28,0,1,2,0,0,0,0,1,0,0,0,0
1237,程悦航,2022-03-31,0,5,10,55,20,8,4,2,0,0,10,2
1238,程悦航,2022-04-30,0,2,9,26,14,2,2,1,0,0,6,0
1239,程悦航,2022-05-31,0,1,7,31,34,4,8,1,0,0,17,0
1240,程悦航,2022-06-30,0,4,6,27,31,1,1,2,0,0,4,0
1241,程悦航,2022-07-31,0,0,0,1,0,0,0,0,0,0,0,0
1242,程超,2022-02-28,0,1,2,2,0,0,0,1,0,0,0,0
1243,程超,2022-03-31,0,5,13,95,9,7,3,2,0,0,9,0
1244,程超,2022-04-30,0,2,9,68,15,6,2,1,0,0,6,0
1245,程超,2022-05-31,0,1,7,52,0,6,8,1,0,0,17,0
1246,程超,2022-06-30,0,4,6,52,75,0,1,2,0,0,4,0
1247,程超,2022-07-31,0,0,0,0,0,0,0,0,0,0,0,0
1248,章迅,2022-02-28,0,1,2,9,3,0,0,1,0,0,0,0
1249,章迅,2022-03-31,0,5,13,33,12,6,3,2,0,0,10,0
1250,章迅,2022-04-30,0,2,9,18,6,4,2,1,0,0,7,0
1251,章迅,2022-05-31,0,0,7,6,0,6,8,0,0,0,17,0
1252,章迅,2022-06-30,0,4,6,10,0,2,1,2,0,0,4,0
1253,章迅,2022-07-31,0,0,0,1,0,0,0,0,0,0,0,0
1254,童锦天,2022-02-28,0,1,2,0,0,0,0,1,0,0,0,0
1255,童锦天,2022-03-31,0,5,13,48,4,8,3,2,0,0,11,0
1256,童锦天,2022-04-30,0,2,9,36,19,2,2,1,0,0,7,0
1257,童锦天,2022-05-31,0,1,7,37,0,10,8,1,0,0,17,0
1258,童锦天,2022-06-30,0,4,6,35,76,2,1,2,0,0,4,0
1259,童锦天,2022-07-31,0,0,0,0,0,0,0,0,0,0,0,0
1260,纪笑天,2022-02-28,0,1,2,5,3,0,0,1,0,0,0,0
1261,纪笑天,2022-03-31,0,5,12,48,16,6,3,2,0,0,7,1
1262,纪笑天,2022-04-30,0,2,9,53,34,2,2,1,0,0,5,0
1263,纪笑天,2022-05-31,0,0,7,44,24,6,7,0,0,0,14,0
1264,纪笑天,2022-06-30,0,4,4,40,22,0,1,2,0,0,5,0
1265,纪笑天,2022-07-31,0,0,0,0,0,0,0,0,0,0,0,0
1266,罗伟,2022-02-28,0,0,0,0,0,0,0,0,0,0,0,0
1267,罗伟,2022-03-31,0,4,11,45,7,6,3,2,0,0,12,0
1268,罗伟,2022-04-30,0,2,9,43,16,4,2,1,0,0,5,0
1269,罗伟,2022-05-31,0,1,7,33,0,6,6,1,0,0,11,0
1270,罗伟,2022-06-30,0,4,6,20,1,2,1,2,0,0,4,0
1271,罗伟,2022-07-31,0,0,0,0,0,0,0,0,0,0,0,0
1272,罗佳,2022-02-28,0,1,2,3,0,0,0,1,0,0,0,0
1273,罗佳,2022-03-31,0,5,13,61,5,8,4,2,0,0,10,0
1274,罗佳,2022-04-30,0,2,9,23,2,4,2,1,0,0,5,0
1275,罗佳,2022-05-31,0,1,7,35,5,8,6,1,0,0,13,0
1276,罗佳,2022-06-30,0,4,6,116,0,0,2,2,0,0,4,0
1277,罗佳,2022-07-31,0,0,0,7,0,0,0,0,0,0,0,0
1278,罗杰,2022-02-28,0,1,2,3,0,0,0,1,0,0,0,0
1279,罗杰,2022-03-31,0,5,11,80,14,6,3,2,0,0,13,1
1280,罗杰,2022-04-30,0,2,9,28,4,0,1,1,0,1,3,0
1281,罗杰,2022-05-31,0,1,7,27,5,3,5,1,0,0,10,0
1282,罗杰,2022-06-30,0,4,6,29,3,1,2,2,0,0,6,0
1283,罗杰,2022-07-31,0,0,0,0,0,0,0,0,0,0,0,0
1284,罗毅,2022-02-28,0,0,0,0,0,0,0,0,0,0,0,0
1285,罗毅,2022-03-31,0,4,12,57,15,3,3,2,0,0,7,0
1286,罗毅,2022-04-30,0,2,9,31,10,4,2,1,0,0,4,0
1287,罗毅,2022-05-31,0,0,7,41,0,6,7,0,0,0,13,0
1288,罗毅,2022-06-30,0,4,6,17,0,0,0,2,0,0,4,0
1289,罗毅,2022-07-31,0,0,0,0,0,0,0,0,0,0,0,0
1290,肖嘉华,2022-02-28,0,1,2,0,0,0,0,1,0,0,0,0
1291,肖嘉华,2022-03-31,0,5,13,119,20,6,3,2,0,0,11,0
1292,肖嘉华,2022-04-30,0,2,9,41,21,4,2,1,0,0,5,0
1293,肖嘉华,2022-05-31,0,1,7,48,5,8,8,1,0,0,16,0
1294,肖嘉华,2022-06-30,0,4,6,22,0,2,1,2,0,0,4,0
1295,肖嘉华,2022-07-31,0,0,0,0,0,0,0,0,0,0,0,0
1296,肖子豪,2022-02-28,0,1,2,7,0,0,0,1,0,0,0,0
1297,肖子豪,2022-03-31,0,5,13,47,12,8,3,2,0,1,9,0
1298,肖子豪,2022-04-30,0,2,9,45,33,4,3,1,0,0,5,0
1299,肖子豪,2022-05-31,0,1,7,39,0,10,8,1,0,0,15,0
1300,肖子豪,2022-06-30,0,4,6,27,54,2,1,2,0,0,5,0
1301,肖子豪,2022-07-31,0,0,0,0,0,0,0,0,0,0,0,0
1302,肖绮欣,2022-02-28,0,1,2,0,0,0,0,1,0,1,0,0
1303,肖绮欣,2022-03-31,0,5,13,36,7,8,3,2,0,1,9,0
1304,肖绮欣,2022-04-30,0,2,9,24,16,2,2,1,0,1,4,0
1305,肖绮欣,2022-05-31,0,1,7,45,10,8,7,1,0,0,15,0
1306,肖绮欣,2022-06-30,0,4,6,11,0,2,1,2,0,0,5,0
1307,肖绮欣,2022-07-31,0,0,0,0,0,0,0,0,0,0,0,0
1308,胡其轩,2022-02-28,0,1,2,5,0,0,0,1,0,0,0,0
1309,胡其轩,2022-03-31,0,5,13,91,26,8,3,2,0,0,11,0
1310,胡其轩,2022-04-30,0,2,9,77,38,4,2,1,0,0,5,0
1311,胡其轩,2022-05-31,0,0,7,95,23,10,8,0,0,0,17,0
1312,胡其轩,2022-06-30,0,4,6,39,12,2,2,2,0,0,3,0
1313,胡其轩,2022-07-31,0,0,0,0,0,0,0,0,0,0,0,0
1314,胡林,2022-02-28,0,1,2,0,0,0,0,1,0,0,0,0
1315,胡林,2022-03-31,0,5,13,55,19,8,3,2,0,0,9,0
1316,胡林,2022-04-30,0,2,9,67,48,4,2,1,0,0,5,0
1317,胡林,2022-05-31,0,1,7,33,15,10,8,1,0,0,17,0
1318,胡林,2022-06-30,0,4,6,33,17,2,1,2,0,0,4,0
1319,胡林,2022-07-31,0,0,0,1,0,0,0,0,0,0,0,0
1320,胡霞丽,2022-02-28,0,1,2,5,2,0,0,1,0,0,0,0
1321,胡霞丽,2022-03-31,0,5,13,78,20,8,4,2,0,0,10,0
1322,胡霞丽,2022-04-30,0,2,9,70,25,4,2,1,0,0,6,0
1323,胡霞丽,2022-05-31,0,1,7,79,26,8,7,1,0,0,16,0
1324,胡霞丽,2022-06-30,0,4,6,56,26,2,1,2,0,0,4,0
1325,胡霞丽,2022-07-31,0,0,0,0,0,0,0,0,0,0,0,0
1326,舒誉,2022-02-28,0,1,2,2,0,0,0,1,0,0,0,0
1327,舒誉,2022-03-31,0,5,12,62,19,8,7,2,0,1,9,0
1328,舒誉,2022-04-30,0,2,9,171,48,4,5,1,0,0,5,1
1329,舒誉,2022-05-31,0,1,7,63,18,10,7,1,0,0,13,0
1330,舒誉,2022-06-30,0,4,6,40,0,1,1,2,0,0,4,0
1331,舒誉,2022-07-31,0,0,0,2,0,0,0,0,0,0,0,0
1332,花湘博,2022-02-28,0,1,2,0,0,0,0,1,0,0,0,0
1333,花湘博,2022-03-31,0,5,13,22,6,1,3,2,0,0,11,0
1334,花湘博,2022-04-30,0,2,9,16,17,0,1,1,0,0,3,0
1335,花湘博,2022-05-31,0,1,7,27,0,4,7,1,0,0,14,0
1336,花湘博,2022-06-30,0,4,6,7,0,0,1,2,0,0,4,0
1337,花湘博,2022-07-31,0,0,0,0,0,0,0,0,0,0,0,0
1338,葛云聪,2022-02-28,0,0,1,3,0,0,0,0,0,0,0,1
1339,葛云聪,2022-03-31,0,4,12,43,6,3,2,2,0,0,5,1
1340,葛云聪,2022-04-30,0,2,9,34,11,0,1,1,0,0,4,0
1341,葛云聪,2022-05-31,0,0,7,30,3,8,6,0,0,0,13,0
1342,葛云聪,2022-06-30,0,4,6,14,0,1,1,2,0,0,2,0
1343,葛云聪,2022-07-31,0,0,0,0,0,0,0,0,0,0,0,0
1344,董帅,2022-02-28,0,1,2,11,0,0,0,1,0,0,0,0
1345,董帅,2022-03-31,0,5,12,57,7,12,3,2,0,0,11,1
1346,董帅,2022-04-30,0,2,9,38,7,6,2,1,0,0,5,0
1347,董帅,2022-05-31,1,1,7,52,14,10,8,1,0,0,16,0
1348,董帅,2022-06-30,0,4,6,34,6,2,1,2,0,0,3,0
1349,董帅,2022-07-31,0,0,0,1,0,0,0,0,0,0,0,0
1350,董靖伟,2022-02-28,0,1,2,1,0,0,0,1,0,0,0,0
1351,董靖伟,2022-03-31,0,5,13,71,7,3,3,2,3,1,9,0
1352,董靖伟,2022-04-30,0,2,9,43,6,6,2,1,0,0,4,0
1353,董靖伟,2022-05-31,0,1,7,47,6,6,8,1,0,0,17,0
1354,董靖伟,2022-06-30,0,4,5,22,0,2,1,2,0,0,4,0
1355,董靖伟,2022-07-31,0,0,0,0,0,0,0,0,0,0,0,0
1356,蒋彭涛,2022-02-28,0,0,1,1,0,0,0,0,0,0,0,0
1357,蒋彭涛,2022-03-31,0,0,0,0,0,0,0,0,0,0,0,0
1358,蒋彭涛,2022-04-30,0,0,0,0,0,0,0,0,0,0,0,0
1359,蒋彭涛,2022-05-31,0,0,0,0,0,0,0,0,0,0,0,0
1360,蒋彭涛,2022-06-30,0,0,0,0,0,0,0,0,0,0,0,0
1361,蒋彭涛,2022-07-31,0,0,0,0,0,0,0,0,0,0,0,0
1362,薛子炫,2022-02-28,0,1,2,1,0,0,0,1,0,0,0,0
1363,薛子炫,2022-03-31,0,5,12,29,9,6,3,2,0,1,13,1
1364,薛子炫,2022-04-30,0,2,9,36,14,6,2,1,0,0,4,0
1365,薛子炫,2022-05-31,0,1,7,17,0,9,7,1,0,0,14,0
1366,薛子炫,2022-06-30,0,4,6,6,0,2,1,2,0,0,5,0
1367,薛子炫,2022-07-31,0,0,0,0,0,0,0,0,0,0,0,0
1368,褚惠雨,2022-02-28,0,1,2,4,0,0,0,1,0,0,0,0
1369,褚惠雨,2022-03-31,0,5,13,108,16,9,3,2,0,0,11,0
1370,褚惠雨,2022-04-30,0,2,9,86,23,4,2,1,0,0,5,0
1371,褚惠雨,2022-05-31,0,1,7,70,12,9,8,1,0,0,15,0
1372,褚惠雨,2022-06-30,0,4,6,81,46,0,1,2,0,0,4,0
1373,褚惠雨,2022-07-31,0,0,0,0,0,0,0,0,0,0,0,0
1374,许凯,2022-02-28,0,1,2,5,3,0,0,1,0,0,0,0
1375,许凯,2022-03-31,0,5,12,33,7,6,4,2,0,1,11,0
1376,许凯,2022-04-30,0,2,9,26,14,2,2,1,0,0,6,0
1377,许凯,2022-05-31,0,1,7,25,0,6,7,1,0,0,13,0
1378,许凯,2022-06-30,0,4,6,12,2,0,1,2,0,0,6,0
1379,许凯,2022-07-31,0,0,0,0,0,0,0,0,0,0,0,0
1380,许文杰,2022-02-28,0,0,0,0,0,0,0,0,0,0,0,0
1381,许文杰,2022-03-31,0,4,10,80,15,6,3,2,0,0,10,0
1382,许文杰,2022-04-30,0,2,9,42,11,6,2,1,0,0,4,0
1383,许文杰,2022-05-31,1,1,7,97,35,10,8,1,0,0,15,0
1384,许文杰,2022-06-30,0,4,3,78,18,2,1,2,0,0,4,0
1385,许文杰,2022-07-31,0,0,0,0,0,0,0,0,0,0,0,0
1386,许瑞奇,2022-02-28,0,1,2,1,0,0,0,1,0,0,0,0
1387,许瑞奇,2022-03-31,0,5,13,69,13,8,3,2,0,0,9,0
1388,许瑞奇,2022-04-30,0,2,9,189,25,4,3,1,0,0,5,0
1389,许瑞奇,2022-05-31,1,1,7,152,7,10,11,1,0,0,14,0
1390,许瑞奇,2022-06-30,0,4,6,53,0,1,1,2,0,0,7,0
1391,许瑞奇,2022-07-31,0,0,0,65,54,0,0,0,0,0,0,0
1392,谌雅阑,2022-02-28,0,1,2,7,3,0,0,1,0,0,0,0
1393,谌雅阑,2022-03-31,0,5,14,31,13,6,3,2,0,0,7,0
1394,谌雅阑,2022-04-30,0,2,9,41,32,6,2,1,0,0,5,0
1395,谌雅阑,2022-05-31,0,0,7,31,17,9,8,0,0,0,16,0
1396,谌雅阑,2022-06-30,0,4,6,19,16,2,1,2,0,0,4,0
1397,谌雅阑,2022-07-31,0,0,0,0,0,0,0,0,0,0,0,0
1398,谢作晨,2022-02-28,0,1,2,7,3,0,0,1,0,0,0,0
1399,谢作晨,2022-03-31,0,5,14,63,13,6,3,2,0,0,11,0
1400,谢作晨,2022-04-30,0,2,9,39,17,4,2,1,0,0,6,0
1401,谢作晨,2022-05-31,0,0,7,54,25,10,8,0,0,0,14,0
1402,谢作晨,2022-06-30,0,4,6,39,32,0,1,2,0,0,5,0
1403,谢作晨,2022-07-31,0,0,0,0,0,0,0,0,0,0,0,0
1404,谢佳骏,2022-02-28,0,1,2,0,0,0,0,1,0,0,0,0
1405,谢佳骏,2022-03-31,0,5,11,38,7,6,3,2,3,0,12,2
1406,谢佳骏,2022-04-30,0,2,9,63,9,6,2,1,0,0,4,0
1407,谢佳骏,2022-05-31,0,1,7,96,2,11,8,1,0,0,19,0
1408,谢佳骏,2022-06-30,0,5,6,81,9,1,1,2,0,0,7,0
1409,谢佳骏,2022-07-31,0,0,0,0,0,0,0,0,0,0,0,0
1410,谢梦卓,2022-02-28,0,1,2,0,0,0,0,1,0,0,0,0
1411,谢梦卓,2022-03-31,0,5,13,20,7,6,3,2,0,0,11,0
1412,谢梦卓,2022-04-30,0,2,9,12,10,2,2,1,0,0,6,0
1413,谢梦卓,2022-05-31,0,1,7,22,9,5,6,1,0,0,12,0
1414,谢梦卓,2022-06-30,0,4,5,5,0,0,1,2,0,0,5,1
1415,谢梦卓,2022-07-31,0,0,0,0,0,0,0,0,0,0,0,0
1416,谭桂明,2022-02-28,0,1,2,14,3,0,0,1,0,0,0,0
1417,谭桂明,2022-03-31,0,5,13,59,9,6,3,2,0,0,8,0
1418,谭桂明,2022-04-30,0,2,9,39,11,4,2,1,0,0,7,0
1419,谭桂明,2022-05-31,0,0,7,49,6,7,7,0,0,0,16,0
1420,谭桂明,2022-06-30,0,4,6,18,24,2,1,2,0,0,3,0
1421,谭桂明,2022-07-31,0,0,0,0,0,0,0,0,0,0,0,0
1422,贾亚琦,2022-02-28,0,1,2,6,3,0,0,1,0,0,0,0
1423,贾亚琦,2022-03-31,0,5,13,60,17,9,3,2,0,0,10,0
1424,贾亚琦,2022-04-30,0,2,9,69,44,4,2,1,0,0,5,0
1425,贾亚琦,2022-05-31,0,1,7,55,21,10,8,1,0,0,14,0
1426,贾亚琦,2022-06-30,0,4,6,25,14,2,1,2,0,0,4,0
1427,贾亚琦,2022-07-31,0,0,0,0,0,0,0,0,0,0,0,0
1428,贾如文,2022-02-28,0,1,2,1,0,0,0,1,0,0,0,0
1429,贾如文,2022-03-31,0,5,13,21,7,6,3,2,0,0,8,0
1430,贾如文,2022-04-30,0,2,9,20,14,2,2,1,0,0,5,0
1431,贾如文,2022-05-31,0,1,7,23,0,7,8,1,1,0,14,0
1432,贾如文,2022-06-30,0,4,6,12,0,0,1,2,0,0,8,0
1433,贾如文,2022-07-31,0,0,0,0,0,0,0,0,0,0,0,0
1434,贾宇晖,2022-02-28,0,1,2,4,0,0,0,1,0,0,0,0
1435,贾宇晖,2022-03-31,0,4,13,65,19,6,4,2,0,0,9,0
1436,贾宇晖,2022-04-30,0,2,9,38,29,2,2,1,0,0,4,0
1437,贾宇晖,2022-05-31,0,1,7,43,0,9,7,1,0,0,14,0
1438,贾宇晖,2022-06-30,0,4,6,17,0,1,1,2,0,0,4,0
1439,贾宇晖,2022-07-31,0,0,0,0,0,0,0,0,0,0,0,0
1440,赵冲,2022-02-28,0,1,2,10,3,0,0,1,0,0,0,0
1441,赵冲,2022-03-31,0,5,13,63,14,9,3,2,0,0,10,0
1442,赵冲,2022-04-30,0,2,9,22,14,4,3,1,0,0,4,0
1443,赵冲,2022-05-31,1,1,7,56,7,10,11,1,0,0,16,0
1444,赵冲,2022-06-30,0,4,6,81,61,2,1,2,0,0,5,0
1445,赵冲,2022-07-31,0,0,0,0,0,0,0,0,0,0,0,0
1446,赵千里,2022-02-28,0,1,2,0,0,0,0,1,0,0,0,0
1447,赵千里,2022-03-31,0,5,13,34,7,9,3,2,0,0,10,0
1448,赵千里,2022-04-30,0,2,8,39,29,4,2,1,0,0,5,0
1449,赵千里,2022-05-31,0,1,7,27,0,10,7,1,0,0,13,0
1450,赵千里,2022-06-30,0,4,6,11,0,0,1,2,0,0,6,0
1451,赵千里,2022-07-31,0,0,0,0,0,0,0,0,0,0,0,0
1452,赵豪杰,2022-02-28,0,1,2,8,3,0,0,1,0,0,0,0
1453,赵豪杰,2022-03-31,0,5,13,93,14,6,4,2,0,0,11,0
1454,赵豪杰,2022-04-30,0,2,9,95,28,6,2,1,0,0,6,0
1455,赵豪杰,2022-05-31,0,1,7,52,7,8,8,1,0,0,14,0
1456,赵豪杰,2022-06-30,0,4,6,47,33,0,1,2,0,0,4,0
1457,赵豪杰,2022-07-31,0,0,0,0,0,0,0,0,0,0,0,0
1458,达尔曼·巴合提江,2022-02-28,0,0,0,0,0,0,0,0,0,0,0,0
1459,达尔曼·巴合提江,2022-03-31,0,4,10,68,7,5,3,2,0,0,13,0
1460,达尔曼·巴合提江,2022-04-30,0,2,9,26,11,0,1,1,0,0,2,0
1461,达尔曼·巴合提江,2022-05-31,0,1,5,79,38,7,6,1,0,0,11,0
1462,达尔曼·巴合提江,2022-06-30,0,4,5,81,43,0,1,2,0,0,4,0
1463,达尔曼·巴合提江,2022-07-31,0,0,0,1,0,0,0,0,0,0,0,0
1464,逄睿,2022-02-28,0,1,2,23,3,0,0,1,0,0,0,0
1465,逄睿,2022-03-31,0,5,14,88,13,6,5,2,0,0,11,0
1466,逄睿,2022-04-30,0,2,9,73,12,6,2,1,0,0,5,0
1467,逄睿,2022-05-31,0,0,7,52,5,7,8,0,0,0,15,0
1468,逄睿,2022-06-30,0,4,6,22,10,2,2,2,0,0,8,0
1469,逄睿,2022-07-31,0,0,0,0,0,0,0,0,0,0,0,0
1470,邓一宸,2022-02-28,0,1,2,0,0,0,0,1,0,0,0,0
1471,邓一宸,2022-03-31,0,5,13,36,10,6,3,2,0,0,10,0
1472,邓一宸,2022-04-30,0,2,9,28,6,4,2,1,0,0,4,0
1473,邓一宸,2022-05-31,0,1,7,19,0,7,9,1,0,0,12,0
1474,邓一宸,2022-06-30,0,4,6,193,81,2,1,2,0,0,5,0
1475,邓一宸,2022-07-31,0,0,0,0,0,0,0,0,0,0,0,0
1476,邓博文,2022-02-28,0,1,2,1,0,0,0,1,0,0,0,0
1477,邓博文,2022-03-31,0,5,14,73,26,6,4,2,0,0,8,0
1478,邓博文,2022-04-30,0,2,9,25,3,4,4,1,0,0,6,0
1479,邓博文,2022-05-31,0,0,7,18,0,4,6,0,0,0,15,0
1480,邓博文,2022-06-30,0,4,6,30,70,2,1,2,0,0,8,0
1481,邓博文,2022-07-31,0,0,0,0,0,0,0,0,0,0,0,0
1482,邓啟业,2022-02-28,0,1,2,9,3,0,0,1,0,0,0,0
1483,邓啟业,2022-03-31,0,5,13,58,23,6,3,2,0,0,10,0
1484,邓啟业,2022-04-30,0,2,9,34,41,4,4,1,0,0,8,0
1485,邓啟业,2022-05-31,0,0,6,22,10,6,6,0,0,0,15,0
1486,邓啟业,2022-06-30,0,4,4,25,22,0,1,2,0,0,4,0
1487,邓啟业,2022-07-31,0,0,0,0,0,0,0,0,0,0,0,0
1488,邓慧宏,2022-02-28,0,1,2,0,0,0,0,1,0,0,0,0
1489,邓慧宏,2022-03-31,0,5,13,73,16,6,3,2,0,0,11,0
1490,邓慧宏,2022-04-30,0,2,9,40,38,6,2,1,0,1,5,0
1491,邓慧宏,2022-05-31,0,1,7,30,0,6,8,1,0,0,15,0
1492,邓慧宏,2022-06-30,0,4,6,25,45,2,1,2,0,0,4,0
1493,邓慧宏,2022-07-31,0,0,0,0,0,0,0,0,0,0,0,0
1494,邓明豪,2022-02-28,0,1,2,3,0,0,0,1,0,0,0,0
1495,邓明豪,2022-03-31,0,5,12,50,7,8,6,2,0,0,10,0
1496,邓明豪,2022-04-30,0,2,9,31,10,4,4,1,0,0,8,0
1497,邓明豪,2022-05-31,1,1,7,57,8,10,7,1,0,0,13,0
1498,邓明豪,2022-06-30,0,4,6,16,0,0,1,2,0,0,3,0
1499,邓明豪,2022-07-31,0,0,0,0,0,0,0,0,0,0,0,0
1500,邹怡航,2022-02-28,0,1,2,9,3,0,0,1,0,0,0,0
1501,邹怡航,2022-03-31,0,5,14,110,20,8,5,2,0,1,9,0
1502,邹怡航,2022-04-30,0,2,8,42,15,4,2,1,0,0,5,1
1503,邹怡航,2022-05-31,0,0,7,65,8,9,7,0,0,0,11,0
1504,邹怡航,2022-06-30,0,4,6,42,19,1,1,2,0,0,6,0
1505,邹怡航,2022-07-31,0,0,0,0,0,0,0,0,0,0,0,0
1506,郑嘉成,2022-02-28,0,1,2,15,3,0,0,1,0,0,0,0
1507,郑嘉成,2022-03-31,0,5,14,145,17,6,3,2,0,0,7,0
1508,郑嘉成,2022-04-30,0,2,9,88,22,6,2,1,0,0,5,0
1509,郑嘉成,2022-05-31,0,0,7,107,25,9,7,0,0,0,12,0
1510,郑嘉成,2022-06-30,0,4,6,44,32,2,1,2,0,0,6,0
1511,郑嘉成,2022-07-31,0,0,0,1,0,0,0,0,0,0,0,0
1512,郝俊豪,2022-02-28,0,1,2,2,0,0,0,1,0,0,0,0
1513,郝俊豪,2022-03-31,0,5,13,60,7,9,3,2,0,0,9,0
1514,郝俊豪,2022-04-30,0,2,9,60,12,2,2,1,0,0,5,0
1515,郝俊豪,2022-05-31,0,1,7,88,9,6,8,1,0,0,15,0
1516,郝俊豪,2022-06-30,0,4,6,108,36,2,1,2,0,0,4,0
1517,郝俊豪,2022-07-31,0,0,0,1,0,0,0,0,0,0,0,0
1518,郝益仑,2022-02-28,0,1,2,6,3,0,0,1,0,0,0,0
1519,郝益仑,2022-03-31,0,5,13,80,21,7,3,2,0,0,11,1
1520,郝益仑,2022-04-30,0,2,9,69,36,6,2,1,0,0,5,0
1521,郝益仑,2022-05-31,0,0,6,52,25,9,7,0,0,0,13,0
1522,郝益仑,2022-06-30,0,4,4,21,14,1,2,2,0,0,4,1
1523,郝益仑,2022-07-31,0,0,0,0,0,0,0,0,0,0,0,0
1524,郭子豪,2022-02-28,0,1,2,9,3,0,0,1,0,0,0,0
1525,郭子豪,2022-03-31,0,5,13,49,12,6,4,2,0,1,8,0
1526,郭子豪,2022-04-30,0,2,9,30,36,4,2,1,0,0,6,0
1527,郭子豪,2022-05-31,0,0,7,29,5,9,9,0,0,0,14,0
1528,郭子豪,2022-06-30,0,4,6,21,34,2,1,2,0,0,4,0
1529,郭子豪,2022-07-31,0,0,0,0,0,0,0,0,0,0,0,0
1530,郭松鑫,2022-02-28,0,1,2,7,0,0,0,1,0,0,0,0
1531,郭松鑫,2022-03-31,0,5,13,184,7,8,4,2,0,0,8,0
1532,郭松鑫,2022-04-30,0,2,9,205,13,4,3,1,0,1,5,0
1533,郭松鑫,2022-05-31,0,1,7,160,0,11,8,1,0,0,16,0
1534,郭松鑫,2022-06-30,0,4,6,97,79,1,1,2,0,0,4,0
1535,郭松鑫,2022-07-31,0,0,0,3,0,0,0,0,0,0,0,0
1536,郭翠林,2022-02-28,0,1,2,5,0,0,0,1,0,0,0,0
1537,郭翠林,2022-03-31,0,5,13,107,13,6,3,2,0,0,10,0
1538,郭翠林,2022-04-30,0,2,9,88,19,4,2,1,0,0,6,0
1539,郭翠林,2022-05-31,0,1,7,93,24,8,8,1,0,0,17,0
1540,郭翠林,2022-06-30,0,4,6,79,43,2,1,2,0,0,4,0
1541,郭翠林,2022-07-31,0,0,0,0,0,0,0,0,0,0,0,0
1542,钟立迅,2022-02-28,0,1,2,3,3,0,0,1,0,0,0,0
1543,钟立迅,2022-03-31,0,5,14,28,12,6,3,2,0,0,8,0
1544,钟立迅,2022-04-30,0,2,8,31,25,6,2,1,0,0,6,0
1545,钟立迅,2022-05-31,0,0,7,27,24,3,5,0,0,0,10,0
1546,钟立迅,2022-06-30,0,4,6,32,34,2,1,2,0,0,5,0
1547,钟立迅,2022-07-31,0,0,0,0,0,0,0,0,0,0,0,0
1548,阿亚拉·哈孜依,2022-02-28,0,1,2,9,2,0,0,1,0,0,0,0
1549,阿亚拉·哈孜依,2022-03-31,0,5,11,74,15,3,3,2,0,2,9,1
1550,阿亚拉·哈孜依,2022-04-30,0,2,7,29,5,4,2,1,0,0,4,0
1551,阿亚拉·哈孜依,2022-05-31,0,1,6,30,20,6,6,1,0,0,11,1
1552,阿亚拉·哈孜依,2022-06-30,0,4,6,69,57,1,1,2,0,0,5,0
1553,阿亚拉·哈孜依,2022-07-31,0,0,0,0,0,0,0,0,0,0,0,0
1554,陆恒杰,2022-02-28,0,1,2,4,3,0,0,1,0,0,0,0
1555,陆恒杰,2022-03-31,0,5,14,61,12,6,3,2,0,0,9,0
1556,陆恒杰,2022-04-30,0,2,9,35,7,4,2,1,0,0,6,0
1557,陆恒杰,2022-05-31,0,0,7,54,32,8,8,0,0,0,15,0
1558,陆恒杰,2022-06-30,0,4,6,51,45,0,1,2,0,0,7,0
1559,陆恒杰,2022-07-31,0,0,0,0,0,0,0,0,0,0,0,0
1560,陈佩文,2022-02-28,0,1,2,5,0,0,0,1,0,0,0,0
1561,陈佩文,2022-03-31,0,5,13,58,10,8,3,2,0,0,12,0
1562,陈佩文,2022-04-30,0,2,9,41,15,4,3,1,0,0,5,0
1563,陈佩文,2022-05-31,0,1,7,46,14,10,7,1,0,0,16,0
1564,陈佩文,2022-06-30,0,4,6,70,60,2,1,2,0,0,4,0
1565,陈佩文,2022-07-31,0,0,0,0,0,0,0,0,0,0,0,0
1566,陈佳丽,2022-02-28,0,1,0,14,3,0,0,1,0,0,0,1
1567,陈佳丽,2022-03-31,0,5,10,72,20,6,3,2,0,0,11,3
1568,陈佳丽,2022-04-30,0,2,9,34,11,6,2,1,0,0,5,0
1569,陈佳丽,2022-05-31,0,1,7,53,13,9,8,1,0,0,16,0
1570,陈佳丽,2022-06-30,0,4,6,21,6,1,1,2,0,0,5,0
1571,陈佳丽,2022-07-31,0,0,0,0,0,0,0,0,0,0,0,0
1572,陈佳茵,2022-02-28,0,1,2,0,0,0,0,1,0,0,0,0
1573,陈佳茵,2022-03-31,0,5,13,57,7,8,4,2,0,0,12,0
1574,陈佳茵,2022-04-30,0,2,9,42,28,4,5,1,0,1,7,0
1575,陈佳茵,2022-05-31,0,1,7,39,0,8,12,1,0,0,11,0
1576,陈佳茵,2022-06-30,0,4,6,15,0,0,1,2,0,0,7,0
1577,陈佳茵,2022-07-31,0,0,0,0,0,0,0,0,0,0,0,0
1578,陈唱,2022-02-28,0,1,2,5,0,0,0,1,0,0,0,0
1579,陈唱,2022-03-31,0,5,14,35,7,8,3,2,0,1,9,0
1580,陈唱,2022-04-30,0,2,9,35,14,2,2,1,0,0,6,0
1581,陈唱,2022-05-31,0,0,7,21,0,8,8,0,0,0,16,0
1582,陈唱,2022-06-30,0,4,6,6,0,2,1,2,0,0,4,0
1583,陈唱,2022-07-31,0,0,0,0,0,0,0,0,0,0,0,0
1584,陈家琦,2022-02-28,0,1,2,3,3,0,0,1,0,0,0,0
1585,陈家琦,2022-03-31,0,5,14,48,6,6,3,2,0,0,8,0
1586,陈家琦,2022-04-30,0,2,9,23,2,4,2,1,0,0,7,0
1587,陈家琦,2022-05-31,0,0,7,45,0,9,7,0,0,0,13,0
1588,陈家琦,2022-06-30,0,4,6,8,0,0,1,2,0,0,4,0
1589,陈家琦,2022-07-31,0,0,0,0,0,0,0,0,0,0,0,0
1590,陈思敏,2022-02-28,0,1,2,6,3,0,0,1,0,0,0,0
1591,陈思敏,2022-03-31,0,5,14,103,23,8,3,2,0,0,9,0
1592,陈思敏,2022-04-30,0,2,9,72,31,4,2,1,0,0,4,0
1593,陈思敏,2022-05-31,0,0,7,54,15,10,10,0,0,0,18,0
1594,陈思敏,2022-06-30,0,4,6,14,4,1,1,2,0,0,4,0
1595,陈思敏,2022-07-31,0,0,0,0,0,0,0,0,0,0,0,0
1596,陈梦媛,2022-02-28,0,1,2,10,1,0,0,1,0,0,0,0
1597,陈梦媛,2022-03-31,0,5,13,120,18,8,3,2,0,0,10,0
1598,陈梦媛,2022-04-30,0,2,9,92,28,4,2,1,0,0,4,0
1599,陈梦媛,2022-05-31,0,1,7,78,16,11,10,1,0,0,16,0
1600,陈梦媛,2022-06-30,0,4,6,80,36,0,1,2,0,0,4,0
1601,陈梦媛,2022-07-31,0,0,0,1,0,0,0,0,0,0,0,0
1602,陈民水,2022-02-28,0,1,2,1,0,0,0,1,0,0,0,0
1603,陈民水,2022-03-31,0,5,13,51,11,8,5,2,0,0,10,0
1604,陈民水,2022-04-30,0,2,9,35,6,4,2,1,0,0,5,0
1605,陈民水,2022-05-31,0,1,7,61,10,9,7,1,0,0,14,0
1606,陈民水,2022-06-30,0,4,6,53,72,2,1,2,0,0,5,0
1607,陈民水,2022-07-31,0,0,0,0,0,0,0,0,0,0,0,0
1608,陈肖宇,2022-02-28,0,1,2,0,0,0,0,1,0,0,0,0
1609,陈肖宇,2022-03-31,0,5,12,38,4,6,3,2,0,1,11,2
1610,陈肖宇,2022-04-30,0,2,9,25,12,4,2,1,0,1,6,0
1611,陈肖宇,2022-05-31,0,0,5,23,0,5,7,0,0,0,16,0
1612,陈肖宇,2022-06-30,0,4,5,12,0,2,1,2,0,0,4,1
1613,陈肖宇,2022-07-31,0,0,0,0,0,0,0,0,0,0,0,0
1614,陈锦春,2022-02-28,0,1,2,2,1,0,0,1,0,0,0,0
1615,陈锦春,2022-03-31,0,5,13,44,9,6,3,2,0,0,9,1
1616,陈锦春,2022-04-30,0,2,9,42,37,6,2,1,0,0,4,0
1617,陈锦春,2022-05-31,0,0,7,27,4,2,8,0,0,0,17,0
1618,陈锦春,2022-06-30,0,4,6,28,48,0,1,2,0,0,5,0
1619,陈锦春,2022-07-31,0,0,0,0,0,0,0,0,0,0,0,0
1620,陶柳江,2022-02-28,0,1,1,0,0,0,0,1,0,0,0,0
1621,陶柳江,2022-03-31,0,5,13,42,3,7,3,2,0,0,10,0
1622,陶柳江,2022-04-30,0,2,9,9,2,4,2,1,0,0,8,0
1623,陶柳江,2022-05-31,0,0,7,26,9,7,7,0,0,0,14,0
1624,陶柳江,2022-06-30,0,4,6,49,85,0,1,2,0,0,5,0
1625,陶柳江,2022-07-31,0,0,0,0,0,0,0,0,0,0,0,0
1626,雷民彧,2022-02-28,0,1,2,0,0,0,0,1,0,0,0,0
1627,雷民彧,2022-03-31,0,5,13,72,20,8,3,2,0,0,9,0
1628,雷民彧,2022-04-30,0,2,9,60,28,4,3,1,0,0,6,0
1629,雷民彧,2022-05-31,0,1,7,102,19,10,7,1,0,0,16,0
1630,雷民彧,2022-06-30,0,4,6,63,32,2,1,2,0,0,3,0
1631,雷民彧,2022-07-31,0,0,0,0,0,0,0,0,0,0,0,0
1632,韦文强,2022-02-28,0,1,2,5,2,0,0,1,0,0,0,0
1633,韦文强,2022-03-31,0,5,12,65,17,9,3,2,0,0,9,1
1634,韦文强,2022-04-30,0,2,9,33,16,4,2,1,0,0,6,0
1635,韦文强,2022-05-31,0,1,7,44,4,6,7,1,0,1,12,0
1636,韦文强,2022-06-30,0,4,6,83,59,1,1,2,0,0,5,0
1637,韦文强,2022-07-31,0,0,0,0,0,0,0,0,0,0,0,0
1638,韩志坚,2022-02-28,0,0,0,0,0,0,0,0,0,0,0,2
1639,韩志坚,2022-03-31,0,4,5,79,8,6,3,2,0,0,10,5
1640,韩志坚,2022-04-30,0,2,9,53,16,4,2,1,0,0,6,0
1641,韩志坚,2022-05-31,0,0,7,46,4,8,8,0,0,0,16,0
1642,韩志坚,2022-06-30,0,4,6,26,3,2,1,2,0,0,6,3
1643,韩志坚,2022-07-31,0,0,0,3,0,0,0,0,0,0,0,0
1644,韩朋承,2022-02-28,0,1,2,5,0,0,0,1,0,0,0,0
1645,韩朋承,2022-03-31,0,5,13,59,15,8,4,2,0,0,10,0
1646,韩朋承,2022-04-30,0,2,9,45,21,2,2,1,0,0,6,0
1647,韩朋承,2022-05-31,0,1,7,65,32,10,8,1,0,0,18,0
1648,韩朋承,2022-06-30,0,4,6,34,31,2,1,2,0,0,4,0
1649,韩朋承,2022-07-31,0,0,0,1,0,0,0,0,0,0,0,0
1650,颉展硕,2022-02-28,0,1,2,6,3,0,0,1,0,0,0,0
1651,颉展硕,2022-03-31,0,5,14,46,13,6,3,2,0,0,9,0
1652,颉展硕,2022-04-30,0,2,9,53,34,4,2,1,0,0,5,0
1653,颉展硕,2022-05-31,0,0,7,79,14,10,9,0,0,1,15,0
1654,颉展硕,2022-06-30,0,4,6,46,27,1,1,2,0,0,3,0
1655,颉展硕,2022-07-31,0,0,0,0,0,0,0,0,0,0,0,0
1656,马启睿,2022-02-28,0,1,2,1,0,0,0,1,0,0,0,0
1657,马启睿,2022-03-31,0,5,13,32,7,8,3,2,0,0,9,0
1658,马启睿,2022-04-30,0,2,9,43,60,2,1,1,0,0,2,0
1659,马启睿,2022-05-31,0,1,7,33,0,9,7,1,0,0,14,0
1660,马启睿,2022-06-30,0,4,6,25,32,2,1,2,0,0,6,0
1661,马启睿,2022-07-31,0,0,0,0,0,0,0,0,0,0,0,0
1662,马建华,2022-02-28,0,1,2,7,0,0,0,1,0,0,0,0
1663,马建华,2022-03-31,0,5,10,70,9,3,3,2,0,0,12,2
1664,马建华,2022-04-30,0,2,7,29,2,0,2,1,0,0,6,1
1665,马建华,2022-05-31,0,1,5,48,0,9,7,1,0,0,13,0
1666,马建华,2022-06-30,0,4,5,33,31,1,1,2,0,0,4,0
1667,马建华,2022-07-31,0,0,0,0,0,0,0,0,0,0,0,0
1668,马星语,2022-02-28,0,1,2,0,0,0,0,1,0,0,0,0
1669,马星语,2022-03-31,0,5,13,50,7,8,3,2,0,1,11,0
1670,马星语,2022-04-30,0,2,9,37,18,2,2,1,0,0,6,0
1671,马星语,2022-05-31,0,1,7,33,5,6,9,1,0,0,16,0
1672,马星语,2022-06-30,0,4,6,38,37,2,1,2,0,0,3,0
1673,马星语,2022-07-31,0,0,0,0,0,0,0,0,0,0,0,0
1674,马海书,2022-02-28,0,1,2,12,3,0,0,1,0,0,0,0
1675,马海书,2022-03-31,0,5,13,61,11,8,4,2,0,1,9,0
1676,马海书,2022-04-30,0,2,9,49,38,5,2,1,0,0,4,0
1677,马海书,2022-05-31,0,1,7,76,21,11,8,1,0,0,17,0
1678,马海书,2022-06-30,0,4,4,91,7,1,1,2,0,0,5,2
1679,马海书,2022-07-31,0,0,0,1,0,0,0,0,0,0,0,0
1680,马福强,2022-02-28,0,1,2,3,1,0,0,1,0,0,0,0
1681,马福强,2022-03-31,0,5,13,95,23,6,3,2,0,1,12,0
1682,马福强,2022-04-30,0,2,9,51,20,4,2,1,0,0,5,0
1683,马福强,2022-05-31,1,1,7,68,18,8,8,1,0,0,13,0
1684,马福强,2022-06-30,0,4,6,44,20,2,1,2,0,0,5,0
1685,马福强,2022-07-31,0,0,0,0,0,0,0,0,0,0,0,0
1686,马飞龙,2022-02-28,0,0,0,0,0,0,0,0,0,0,0,0
1687,马飞龙,2022-03-31,0,4,9,62,15,8,3,2,0,1,11,1
1688,马飞龙,2022-04-30,0,2,9,25,0,2,2,1,0,0,5,0
1689,马飞龙,2022-05-31,0,1,7,106,50,9,5,1,0,0,12,0
1690,马飞龙,2022-06-30,0,4,4,113,34,0,2,2,0,0,3,0
1691,马飞龙,2022-07-31,0,0,0,0,0,0,0,0,0,0,0,0
1692,马麒云,2022-02-28,0,1,2,0,0,0,0,1,0,0,0,0
1693,马麒云,2022-03-31,0,5,13,47,7,6,3,2,0,0,12,0
1694,马麒云,2022-04-30,0,2,9,36,55,6,3,1,0,0,5,0
1695,马麒云,2022-05-31,0,1,7,51,6,11,7,1,0,0,13,0
1696,马麒云,2022-06-30,0,4,6,12,0,1,1,2,0,0,6,0
1697,马麒云,2022-07-31,0,0,0,0,0,0,0,0,0,0,0,0
1698,高君宇,2022-02-28,0,0,0,0,0,0,0,0,0,0,0,0
1699,高君宇,2022-03-31,0,4,3,50,2,6,3,2,0,0,11,5
1700,高君宇,2022-04-30,0,0,5,23,0,0,2,0,0,0,6,0
1701,高君宇,2022-05-31,0,1,4,37,0,2,5,1,0,0,11,0
1702,高君宇,2022-06-30,0,2,3,25,0,0,1,1,0,0,4,0
1703,高君宇,2022-07-31,0,0,0,0,0,0,0,0,0,0,0,0
1704,高尚,2022-02-28,0,1,2,3,3,0,0,1,0,0,0,0
1705,高尚,2022-03-31,0,5,14,35,12,6,3,2,0,0,10,0
1706,高尚,2022-04-30,0,2,9,46,13,4,2,1,0,0,4,0
1707,高尚,2022-05-31,0,0,7,65,49,5,8,0,0,0,16,0
1708,高尚,2022-06-30,0,4,4,35,22,1,1,2,0,0,6,0
1709,高尚,2022-07-31,0,0,0,0,0,0,0,0,0,0,0,0
1710,高屹,2022-02-28,0,1,2,3,0,0,0,1,0,0,0,0
1711,高屹,2022-03-31,0,5,11,46,15,6,3,2,0,0,11,2
1712,高屹,2022-04-30,0,2,9,25,27,6,2,1,0,0,5,0
1713,高屹,2022-05-31,0,1,7,17,0,6,8,1,0,0,16,0
1714,高屹,2022-06-30,0,4,6,20,57,2,1,2,0,0,4,0
1715,高屹,2022-07-31,0,0,0,0,0,0,0,0,0,0,0,0
1716,高桐桐,2022-02-28,0,1,2,14,3,0,0,1,0,0,0,0
1717,高桐桐,2022-03-31,0,5,13,116,16,8,3,2,0,0,12,0
1718,高桐桐,2022-04-30,0,2,9,74,27,2,2,1,0,0,4,0
1719,高桐桐,2022-05-31,0,1,7,70,10,10,8,1,0,0,15,0
1720,高桐桐,2022-06-30,0,4,6,118,43,2,1,2,0,0,6,0
1721,高桐桐,2022-07-31,0,0,0,0,0,0,0,0,0,0,0,0
1722,高浩翔,2022-02-28,0,1,2,2,0,0,0,1,0,0,0,0
1723,高浩翔,2022-03-31,0,5,13,42,19,9,4,2,0,0,10,0
1724,高浩翔,2022-04-30,0,2,9,43,27,0,3,1,0,0,6,0
1725,高浩翔,2022-05-31,0,1,7,34,21,0,7,1,0,0,12,0
1726,高浩翔,2022-06-30,0,4,6,182,32,0,1,2,0,0,8,0
1727,高浩翔,2022-07-31,0,0,0,0,0,0,0,0,0,0,0,0
1728,高通优,2022-02-28,0,0,0,0,0,0,0,0,0,0,0,0
1729,高通优,2022-03-31,0,3,4,66,19,3,1,2,0,0,2,2
1730,高通优,2022-04-30,0,2,9,47,24,4,4,1,0,0,8,0
1731,高通优,2022-05-31,0,1,6,41,27,1,6,1,0,0,13,0
1732,高通优,2022-06-30,0,4,6,43,29,0,1,2,0,0,6,0
1733,高通优,2022-07-31,0,0,0,0,0,0,0,0,0,0,0,0
1734,魏泽航,2022-02-28,0,1,2,0,0,0,0,1,0,0,0,0
1735,魏泽航,2022-03-31,0,5,14,65,7,10,3,2,0,0,8,0
1736,魏泽航,2022-04-30,0,2,9,34,14,4,2,1,0,0,3,0
1737,魏泽航,2022-05-31,0,0,7,14,0,10,7,0,0,0,11,0
1738,魏泽航,2022-06-30,0,4,6,30,78,1,1,2,0,0,7,0
1739,魏泽航,2022-07-31,0,0,0,0,0,0,0,0,0,0,0,0
1740,黄坚声,2022-02-28,0,1,2,0,0,0,0,1,0,0,0,0
1741,黄坚声,2022-03-31,0,5,13,33,6,8,3,2,0,0,12,0
1742,黄坚声,2022-04-30,0,2,9,15,0,2,2,1,0,0,5,0
1743,黄坚声,2022-05-31,0,1,7,24,0,9,7,1,0,0,12,0
1744,黄坚声,2022-06-30,0,4,6,16,0,0,1,2,0,0,5,0
1745,黄坚声,2022-07-31,0,0,0,0,0,0,0,0,0,0,0,0
1746,黄文心,2022-02-28,0,0,0,0,0,0,0,0,0,0,0,0
1747,黄文心,2022-03-31,0,4,11,69,7,6,3,2,0,0,10,0
1748,黄文心,2022-04-30,0,2,6,40,8,4,2,1,0,0,4,0
1749,黄文心,2022-05-31,0,1,5,48,0,8,6,1,0,0,13,0
1750,黄文心,2022-06-30,0,2,4,30,5,2,1,1,0,0,4,0
1751,黄文心,2022-07-31,0,0,0,0,0,0,0,0,0,0,0,0
1752,黄文泉,2022-02-28,0,1,2,5,0,0,0,1,0,1,0,0
1753,黄文泉,2022-03-31,0,5,11,43,7,3,3,2,0,0,9,3
1754,黄文泉,2022-04-30,0,2,9,22,2,2,1,1,0,0,4,0
1755,黄文泉,2022-05-31,0,0,7,18,6,6,7,0,0,0,15,0
1756,黄文泉,2022-06-30,0,4,6,8,0,1,1,2,0,0,3,0
1757,黄文泉,2022-07-31,0,0,0,0,0,0,0,0,0,0,0,0
1758,黄杰民,2022-02-28,0,1,2,9,3,0,0,1,0,1,0,0
1759,黄杰民,2022-03-31,0,5,14,87,20,8,3,2,0,0,8,0
1760,黄杰民,2022-04-30,0,2,9,51,36,4,2,1,0,0,5,0
1761,黄杰民,2022-05-31,0,0,7,61,8,11,8,0,0,0,16,0
1762,黄杰民,2022-06-30,0,4,6,45,32,1,1,2,0,0,3,0
1763,黄杰民,2022-07-31,0,0,0,0,0,0,0,0,0,0,0,0
1764,黄湦睿,2022-02-28,0,1,2,1,0,0,0,1,0,0,0,0
1765,黄湦睿,2022-03-31,0,5,13,80,11,9,3,2,0,0,9,0
1766,黄湦睿,2022-04-30,0,2,9,29,8,4,2,1,0,0,4,0
1767,黄湦睿,2022-05-31,0,1,7,65,7,8,8,1,0,0,16,0
1768,黄湦睿,2022-06-30,0,4,6,21,7,2,1,2,0,0,6,0
1769,黄湦睿,2022-07-31,0,0,0,0,0,0,0,0,0,0,0,0
1770,黄覃凯,2022-02-28,0,1,2,3,2,0,0,1,0,0,0,0
1771,黄覃凯,2022-03-31,0,5,14,76,14,8,3,2,0,0,10,0
1772,黄覃凯,2022-04-30,0,2,9,34,9,0,2,1,0,0,4,0
1773,黄覃凯,2022-05-31,0,0,7,46,6,3,7,0,0,0,13,0
1774,黄覃凯,2022-06-30,0,4,6,8,0,0,1,2,0,0,4,0
1775,黄覃凯,2022-07-31,0,0,0,0,0,0,0,0,0,0,0,0
1776,龙井岗,2022-02-28,0,1,2,3,0,0,0,1,0,0,0,0
1777,龙井岗,2022-03-31,0,5,12,26,7,0,3,2,0,0,10,0
1778,龙井岗,2022-04-30,0,2,9,22,12,0,2,1,0,1,5,0
1779,龙井岗,2022-05-31,0,1,7,24,1,4,8,1,0,0,18,0
1780,龙井岗,2022-06-30,0,4,6,5,0,0,1,2,0,0,4,0
1781,龙井岗,2022-07-31,0,0,0,0,0,0,0,0,0,0,0,0
